116.659700 -11.077150 0.000000 0.000000
128.577600 -11.082290 11.321928 -0.039732
154.377300 -11.078750 23.799988 -0.088989
179.876300 -10.303180 32.825606 0.019276
201.800400 -8.835691 52.054062 0.999048
213.614900 -5.868134 71.889071 3.113555
218.901400 -2.731614 95.567172 5.816405
224.710100 -0.462399 118.861421 8.491037
227.818300 0.085442 143.880632 9.621726
226.530900 0.087271 165.563872 9.255473
226.343300 0.080438 175.860454 9.089496
226.904300 0.080628 184.215106 8.975961
224.687700 0.008216 173.227820 9.061842
228.072000 0.080754 180.131888 9.048496
230.057000 0.080590 193.391732 8.875963
230.449300 0.080529 201.264494 8.756404
230.650400 0.080505 204.662418 8.699746
228.604000 0.079937 210.042725 8.623613
224.788200 -0.240814 212.014583 8.540696
226.456400 0.077888 219.966523 8.579150
203.649100 -1.818064 231.603839 7.856469
177.371700 -4.160439 221.951438 -0.612006
150.924100 -6.495364 215.907637 -6.694537
124.849500 -7.166980 200.021575 -18.164900
98.815250 -7.167288 185.213951 -26.944475
72.291570 -7.168125 176.924779 -31.363023
46.112070 -7.168719 165.177084 -38.061051
20.257000 -7.169403 158.551741 -42.088515
-1.032419 -7.232795 142.787191 -51.360312
0.396489 -7.841218 129.576434 -52.774072
1.190544 -8.213113 109.595622 -48.963767
0.619437 -8.420428 87.984063 -45.692872
0.539833 -8.629520 71.751948 -43.317484
1.031454 -8.838349 49.909388 -39.705780
2.250642 -8.969460 48.185318 -39.241999
26.685610 -10.450230 46.305130 -32.749527
52.833410 -11.089080 65.016423 -25.032596
79.379310 -11.083250 81.486391 -16.416506
104.231700 -11.082110 93.847829 -9.498829
111.082500 -11.078850 94.928587 -2.709427
109.585100 -10.976800 75.027766 0.166603
109.749500 -10.978420 58.708830 2.624871
109.806400 -11.084170 44.045020 5.000475
109.644100 -11.104440 25.824310 7.865921
