328.229500 3.165621 0.000000 0.000000
316.013200 3.212930 11.739157 0.026507
290.282100 3.165618 16.840870 -0.022236
264.692600 3.165612 30.291749 -0.023444
239.277500 3.165618 35.651356 0.038778
213.999000 3.165612 58.575684 0.198043
188.525700 3.165635 73.564049 0.335630
176.280900 3.165637 85.077737 0.496060
176.281300 3.165631 85.100771 0.500090
176.280400 3.165637 85.123875 0.497232
167.248500 3.165595 93.293849 0.593788
145.408900 3.165595 113.187797 0.848253
120.844300 3.165693 136.065350 1.151703
109.686100 3.165635 146.597959 1.295175
109.410400 3.165612 146.818353 1.299839
98.367620 3.165613 156.906924 1.464477
87.758740 3.150318 158.572657 1.364983
87.899120 3.165587 161.601274 1.349369
88.475440 3.165684 166.000514 1.264770
88.645350 3.165614 167.628608 1.236644
88.762160 3.165591 170.765011 1.175536
88.544960 3.165633 176.298982 1.116859
88.311350 3.165798 180.886324 1.089646
88.301490 3.165643 181.148432 1.082981
88.301490 3.165620 181.150231 1.080832
88.301490 3.165626 181.165042 1.081353
88.301490 3.165632 181.153646 1.073810
88.301490 3.165627 181.153635 1.074192
88.301490 3.165635 181.163299 1.073839
88.301490 3.165622 181.181757 1.074470
88.301490 3.165631 181.191371 1.079425
88.301490 3.165643 181.202932 1.067924
88.301490 3.165624 181.164504 1.070760
88.301490 3.165638 181.164226 1.062924
88.238930 3.165616 182.663505 1.095207
102.647500 3.202941 192.760151 1.336074
128.388000 3.165610 185.784885 1.247076
153.864200 3.165643 176.078616 1.110598
179.425700 3.165648 162.288412 0.973154
204.970000 3.165697 156.864255 0.931251
230.624000 3.165706 154.685349 0.900814
256.183400 3.165648 149.146226 0.792109
281.877900 3.165663 147.470719 0.754880
306.718900 3.165738 139.842657 0.567683
324.073000 3.165643 131.863915 0.323689
339.894000 3.193429 130.732858 0.326197
338.829900 3.165639 106.276148 -0.378656
338.287600 3.165632 95.172659 -0.657076
338.261600 3.165612 94.268406 -0.688681
338.000200 3.165576 81.383240 -1.016882
317.018200 3.171650 70.243096 -1.176763
291.129800 3.165619 62.587028 -1.223931
265.695900 3.165632 53.531704 -1.278391
239.913500 3.165632 44.097203 -1.334114
214.454700 3.165632 37.210548 -1.346090
188.985100 3.165624 28.324391 -1.388223
163.227000 3.165623 19.405723 -1.357301
137.677900 3.165615 10.321677 -1.314321
114.621300 3.165656 1.898522 -1.293357
99.262150 3.165594 -3.501194 -1.250451
92.481390 3.165642 -13.173731 -1.479938
93.019630 3.166222 -37.201030 -1.784365
92.487080 3.165644 -47.241266 -1.894748
92.487100 3.165631 -47.266788 -1.896928
92.487100 3.165625 -47.310198 -1.897249
92.487100 3.165630 -47.288866 -1.901460
92.487100 3.165643 -47.249680 -1.900876
