167.634900 3.640340 0.000000 0.000000
179.252300 3.640040 10.913240 -0.028321
194.481300 3.695347 22.368937 -0.013680
194.782300 3.661252 22.384292 -0.043386
194.771900 3.661346 22.387101 -0.045585
194.762500 3.661365 22.415235 -0.053540
194.753600 3.661391 22.411657 -0.054244
194.747900 3.660592 22.413253 -0.058995
194.738800 3.660593 22.415226 -0.063811
194.728700 3.660630 22.426490 -0.065851
193.589400 3.639510 20.282604 -0.069005
191.458800 3.703584 10.127682 -0.011597
193.537600 3.639126 15.697155 -0.090174
194.427100 3.640388 29.080176 -0.102715
193.481300 3.640977 47.243648 -0.058197
193.196100 3.640775 63.620897 0.044349
193.627300 3.643733 86.239745 0.216211
193.625100 3.640907 90.859684 0.259404
193.625100 3.640887 90.861223 0.255657
193.625100 3.640884 90.843537 0.247202
193.625100 3.640870 90.836494 0.241349
193.625100 3.640887 90.839734 0.237418
193.625100 3.640891 90.840408 0.234379
193.625100 3.640900 90.834486 0.215138
193.625100 3.640886 90.836266 0.211125
193.625100 3.640889 90.834345 0.198276
193.625100 3.640886 90.834035 0.186499
193.779000 3.641497 93.782837 0.187607
194.013500 3.640818 108.544327 0.167085
193.820600 3.640498 113.296415 0.213894
193.573500 3.640627 113.535533 0.113050
181.570800 3.654476 126.568027 -0.100899
151.797900 3.639981 140.011249 -0.281823
99.399810 3.640183 138.524220 -0.373070
47.915520 3.640992 146.323137 -0.488790
16.709460 3.640073 141.783918 -0.461857
-7.209809 3.661548 156.255110 -0.533641
-7.930771 3.642159 152.090035 0.100887
-6.799998 3.640723 149.241647 0.561182
-6.830160 3.640949 147.963259 0.982974
-6.830138 3.640891 147.983329 0.960430
-6.920542 3.640208 147.866885 1.004296
-7.421104 3.641005 147.024199 1.379882
-7.882088 3.640733 145.356715 2.127464
