-0.529809 2.917189 0.000000 0.000000
-7.218263 2.917417 6.624299 -0.028680
-20.990140 2.916095 13.842703 -0.047467
-10.637170 2.917122 21.234503 -0.068801
13.047510 2.916866 7.702977 -0.087548
32.988020 2.917079 -10.069053 -0.056649
58.176990 2.917548 -33.548388 0.013464
83.755540 2.917566 -42.326154 0.043790
109.167700 2.917567 -66.280665 0.098752
134.749600 2.917519 -66.325163 0.102780
160.140600 2.917431 -74.983782 0.106609
185.769300 2.917547 -83.985255 0.125729
205.453900 2.917633 -102.788972 0.147975
219.247800 2.917490 -115.730428 0.189139
237.030700 2.916835 -127.675755 0.232089
234.036500 2.917504 -133.668257 0.416763
233.839000 2.917585 -134.207188 0.427187
233.839200 2.917527 -134.216719 0.421377
233.839200 2.917553 -134.242989 0.433402
233.839200 2.917525 -134.215745 0.429440
233.424000 2.886619 -135.268803 0.426710
232.808300 2.867470 -140.320736 0.556616
233.234600 2.953349 -148.186020 0.799828
232.658300 3.499357 -158.492231 1.474771
226.608200 4.629114 -161.191762 1.888347
184.493800 5.693967 -153.707232 2.221431
139.624700 5.102480 -143.920054 1.681978
95.667400 4.124497 -136.242419 1.273127
56.483840 3.252908 -134.029567 1.112245
29.859070 2.923339 -121.014513 0.496048
5.395755 2.913296 -109.806241 0.286227
2.054405 2.918657 -83.426998 -0.156570
3.051072 2.917423 -59.710019 -0.575057
2.982256 2.917586 -54.219891 -0.666141
2.982288 2.917535 -54.195500 -0.669733
2.982288 2.917540 -54.154891 -0.677112
2.982289 2.917520 -54.078846 -0.681447
2.982288 2.917555 -54.045317 -0.684036
2.982288 2.917553 -54.041612 -0.685746
2.982288 2.917551 -53.965492 -0.685214
2.982288 2.917542 -54.017416 -0.688260
2.982288 2.917529 -54.099342 -0.689267
2.982288 2.917557 -54.121836 -0.696680
2.982288 2.917574 -54.177876 -0.699701
2.982289 2.917520 -54.165071 -0.703703
2.982289 2.917515 -54.150772 -0.707042
2.982288 2.917537 -54.196661 -0.706321
2.982289 2.917520 -54.173191 -0.704752
2.982288 2.917549 -54.168423 -0.703480
2.781340 2.917424 -49.126126 -0.757970
2.059657 2.917484 -33.543995 -0.951206
1.339569 2.917521 -7.952918 -1.311817
1.487174 2.917520 17.992661 -1.677316
1.705538 2.917530 43.571677 -2.026180
3.250820 2.916803 68.964726 -2.373125
19.324710 2.917571 86.571708 -2.678827
43.547660 2.917443 89.168094 -2.826132
69.020140 2.917534 85.306267 -2.866381
94.340770 2.917490 84.424076 -2.869864
119.768800 2.917601 84.748295 -2.877475
145.229800 2.917459 83.853182 -2.920379
170.404900 2.917518 82.613759 -2.937106
195.172300 2.917413 80.771952 -3.012715
210.657200 2.917719 79.198500 -3.059644
227.508200 2.917509 77.660236 -3.081130
235.772400 2.917487 69.636067 -3.033332
233.408600 2.886600 56.370823 -2.942623
232.926200 2.867271 42.711732 -2.816120
233.318200 3.082883 32.201108 -2.615972
231.937100 3.809636 22.017591 -2.355254
215.882300 4.964140 12.029746 -2.178700
171.858100 5.745478 -1.323971 -1.903050
127.479800 4.832228 -36.633521 -2.675006
84.359440 3.872828 -32.027380 -2.552308
48.488530 3.099089 -47.322903 -2.939564
23.092750 2.917389 -67.726987 -3.107410
-1.724587 2.917537 -88.912799 -3.072287
-26.486640 2.917512 -109.247077 -3.076190
-51.530540 2.917107 -129.401262 -3.087999
-71.623120 2.917274 -144.453986 -3.027869
-79.032700 2.917399 -159.677226 -2.847108
-79.230840 2.917796 -167.464859 -2.727211
-79.227290 2.917256 -167.830095 -2.727162
-78.991040 2.930900 -175.211143 -2.597349
-94.770130 2.913975 -168.740683 -2.994113
-120.300200 2.917502 -191.058233 -2.629986
-142.180900 2.916916 -205.041664 -2.311402
-146.661000 2.917561 -202.618747 -2.103539
-145.649200 2.915939 -199.256266 -1.868945
-145.653800 2.917596 -199.244583 -1.860695
-145.335300 2.917427 -198.265668 -1.773925
-144.852200 2.917383 -195.540648 -1.454196
-145.393800 2.917539 -192.509173 -0.910910
-145.871900 2.917582 -190.114008 -0.442084
-141.881500 2.915979 -190.302061 -0.185518
-128.722400 2.917070 -184.432332 -0.145405
-119.304700 2.917426 -179.831375 0.013984
-102.326900 2.915719 -172.377777 0.347008
-102.417200 2.917577 -172.325960 0.346345
-102.417600 2.917540 -172.374044 0.341341
-102.417600 2.917536 -172.310364 0.334807
-102.158900 2.917408 -172.251178 0.333146
-93.977270 2.913987 -169.034188 0.529217
-90.917730 2.932625 -161.299175 0.607540
-113.016400 2.917200 -139.168474 0.847861
-124.081800 2.917532 -122.225847 1.187715
-132.533700 2.917533 -109.874568 1.428843
-135.915300 2.917620 -103.938854 1.543294
-137.745500 2.917470 -102.136593 1.561397
-149.588100 2.917442 -94.513196 1.441738
-144.202200 2.906243 -102.546117 0.936108
-144.844100 2.917398 -103.116195 0.466507
-144.916900 2.917587 -103.064079 0.436314
-144.916800 2.917538 -103.052111 0.430116
-144.916800 2.917520 -103.038830 0.429922
-144.916800 2.917528 -103.031303 0.419696
-144.916800 2.917548 -103.025430 0.419846
-144.916800 2.917532 -103.028925 0.421377
-144.916800 2.917550 -103.044227 0.421703
-144.916800 2.917547 -103.020231 0.420449
-144.929400 2.917217 -103.028773 0.427938
-145.344600 2.917334 -102.913751 0.317218
-131.267900 2.917116 -101.274732 0.237332
-129.618500 2.917508 -102.811324 0.173276
-129.617700 2.917507 -102.815381 0.176359
-129.617700 2.917536 -102.851066 0.175168
-129.617700 2.917545 -102.823265 0.180461
-129.617700 2.917527 -102.862259 0.180121
-129.617700 2.917535 -102.793751 0.186145
-129.617700 2.917523 -102.876907 0.181793
-127.373600 2.917387 -104.388790 0.095875
-114.891100 2.917482 -112.524491 -0.297946
-102.471400 2.918463 -119.575836 -0.751560
-102.490900 2.917547 -119.526110 -0.751366
-102.491000 2.917525 -119.506987 -0.754845
-102.491000 2.917530 -119.536486 -0.740522
-102.491000 2.917536 -119.527310 -0.736374
-102.491000 2.917562 -119.513453 -0.743244
-102.491000 2.917558 -119.581367 -0.754645
-102.448700 2.917251 -119.595319 -0.760877
-95.582430 2.913057 -122.775897 -1.014440
-78.281810 2.883445 -126.057536 -1.357986
-77.428770 2.867468 -135.970067 -1.988251
-78.665830 2.867563 -150.804526 -2.824760
-78.235970 2.867547 -166.870165 -3.545307
-77.799250 2.867520 -182.107842 -4.147174
-77.807590 2.867474 -191.289263 -4.502049
-77.819340 2.867624 -192.493185 -4.544665
-77.850400 2.867393 -194.282482 -4.606440
-82.056220 2.886632 -199.106408 -4.837405
-106.333400 3.236565 -188.930140 -4.605581
-130.164500 3.742162 -167.551016 -3.784368
