2.279198 1.889819 0.000000 0.000000
11.019760 1.898222 7.967325 -0.057683
26.680550 1.891620 22.421725 -0.113479
35.037990 1.890618 26.041749 -0.210492
34.471270 1.881498 36.356264 -0.245257
34.356630 1.901660 40.043045 -0.228831
34.372490 1.892295 49.902185 -0.332916
35.187200 1.781290 65.350285 -0.424189
35.184900 1.889649 66.965722 -0.420919
35.184890 1.889841 66.916031 -0.425576
35.318500 1.904326 67.731128 -0.414414
33.899800 1.880973 77.640251 -0.188122
5.189457 1.943082 75.317551 -0.156218
-48.338770 7.432422 73.307991 -0.284099
-102.494100 11.916150 73.567556 -0.163547
-156.910300 11.906250 75.467527 -0.174074
-206.402300 11.896950 57.149027 -0.829079
-237.867600 11.891440 51.586581 -1.069930
-244.985300 11.890250 38.053988 -1.466830
-238.149800 11.891150 37.069832 -1.731627
-240.966600 11.894670 33.703231 -1.711272
-238.873200 11.885190 35.080907 -1.622736
-240.994900 11.722080 35.985540 -1.544943
-222.574400 11.366850 38.021082 -1.352495
-180.366200 10.839410 38.988984 -1.319270
-127.033700 10.296680 39.074615 -1.328519
-83.810960 9.172902 44.699301 -1.648638
-50.627210 5.473886 44.973803 -1.517340
-23.714670 2.568741 44.684373 -1.665103
1.090714 1.878128 29.611671 -2.496308
18.870340 1.907947 19.638956 -2.818011
32.618900 1.889804 12.135351 -3.497772
31.913500 1.890418 -0.613480 -5.088958
30.925260 1.890340 -1.375309 -5.297536
31.263820 1.778468 -5.794073 -5.777632
31.266790 1.889532 -8.376292 -6.044380
31.266790 1.889804 -8.388150 -6.040520
31.266790 1.889795 -8.417445 -6.041018
31.266790 1.889840 -8.455774 -6.048731
31.266790 1.889817 -8.409066 -6.046445
31.266790 1.889823 -8.384007 -6.034011
31.266790 1.889817 -8.404536 -6.033833
31.266790 1.889843 -8.374564 -6.034855
31.280080 1.902197 -8.439110 -6.049460
16.936430 1.884241 -14.185623 -6.734456
-8.850686 1.890534 -26.811188 -7.914850
-30.771350 1.889948 -34.090862 -8.413157
-33.334580 1.903850 -39.679212 -8.807201
-47.444930 1.943172 -48.908037 -9.474194
-73.553010 1.891939 -54.874521 -10.006555
-98.469890 1.880408 -62.708177 -10.653172
-108.264900 1.889296 -76.203125 -11.680029
-108.264600 1.889813 -76.267513 -11.694171
-108.264600 1.889806 -76.237481 -11.691306
-108.264600 1.889818 -76.248526 -11.693655
-108.264600 1.889804 -76.285731 -11.695952
-108.264600 1.889802 -76.279813 -11.695467
-108.264600 1.889791 -76.261961 -11.693728
-108.264600 1.889814 -76.295044 -11.700168
-108.264600 1.889783 -76.256460 -11.682243
-108.264600 1.889776 -76.206235 -11.675502
-108.264600 1.889805 -76.202850 -11.671141
-108.264600 1.889827 -76.230525 -11.677622
-108.264600 1.889779 -76.260687 -11.681392
-108.264600 1.889811 -76.261728 -11.677958
-108.264600 1.889801 -76.262249 -11.680018
-113.716600 1.903436 -79.509598 -12.019801
-128.947900 1.889885 -90.710129 -13.672092
-127.346100 1.888965 -81.191264 -13.930264
-125.927600 1.921159 -73.558253 -13.956385
-105.875800 1.946296 -74.803407 -14.180773
-80.010490 1.945664 -59.189390 -13.282643
-57.102240 1.945502 -58.714557 -13.274268
-46.655850 1.935297 -58.218644 -13.274372
-46.196450 1.941840 -54.123307 -13.101714
-46.196550 1.945251 -54.130259 -13.095691
-46.196550 1.945268 -54.065766 -13.099339
-46.196550 1.945236 -54.063699 -13.103025
-46.196550 1.945242 -54.059787 -13.097998
-46.196550 1.945217 -54.090059 -13.097159
-46.364070 1.959517 -50.348510 -12.952822
-57.217120 1.935683 -40.737710 -12.424754
-83.283610 1.890364 -34.076976 -11.616485
-103.790400 1.776678 -22.805066 -10.390052
-103.828700 1.889584 -21.191437 -10.235995
-111.966100 1.903379 -17.845718 -9.875278
-128.563800 1.887684 -11.923503 -8.906498
-127.632900 1.883910 -29.826783 -9.159371
-127.076900 1.887815 -39.488334 -9.463152
-127.077000 1.889790 -39.423076 -9.450712
-127.077000 1.889784 -39.436954 -9.448922
-127.077000 1.889810 -39.400654 -9.452561
-127.077000 1.889817 -39.432433 -9.451672
-127.077000 1.889827 -39.400995 -9.453893
-126.847400 1.904246 -40.215548 -9.466369
-123.132900 1.936567 -50.829698 -9.709089
-97.273380 1.945647 -59.701437 -9.918471
-71.125720 1.945159 -60.293336 -9.990701
-52.147640 1.945439 -60.832908 -10.055140
-46.243870 1.937633 -74.853344 -10.643200
-48.641940 1.936853 -90.201182 -11.508624
-72.890830 1.892611 -95.449382 -12.912246
-97.240430 1.885151 -91.034106 -13.668427
-104.143100 1.904487 -88.780571 -14.174057
-114.527700 1.914067 -87.333695 -14.581366
-129.019800 1.889953 -73.500680 -14.719130
-127.283300 1.885997 -50.830351 -13.811506
-126.977800 1.888958 -43.316392 -13.462875
-126.874600 1.905046 -43.305474 -13.441327
-125.319000 1.933206 -32.356466 -12.998147
-102.213800 1.945234 -27.547514 -12.418974
-76.038640 1.945482 -23.519032 -12.087767
-54.923810 1.945356 -16.230772 -11.177072
-46.393560 1.943447 -14.455026 -10.675018
-46.190390 1.943073 -14.625224 -10.315015
-46.190440 1.945208 -14.631152 -10.313524
-46.190440 1.945215 -14.626217 -10.313038
-46.190440 1.945236 -14.656703 -10.315322
-46.717770 1.938197 -15.588424 -9.986134
-61.286910 1.915544 -23.566738 -9.707010
-87.726130 1.878960 -40.522420 -10.085827
-103.866600 1.914931 -57.895896 -10.375556
-104.059000 1.908900 -57.941428 -10.396001
-115.034700 1.908797 -68.166675 -10.549773
-129.077900 1.889742 -85.571909 -11.899962
-127.222800 1.880953 -88.454616 -13.546657
-126.966800 1.889036 -88.877689 -13.849451
-126.966800 1.889783 -88.858801 -13.837499
-126.966800 1.889802 -88.833956 -13.833232
-126.966800 1.889834 -88.839356 -13.827247
-126.966800 1.889807 -88.797654 -13.814206
-126.966800 1.889860 -88.766521 -13.808556
-126.966800 1.889828 -88.782779 -13.798771
-126.966800 1.889803 -88.780507 -13.819457
-126.966800 1.889820 -88.757846 -13.816235
-126.966800 1.889807 -88.712814 -13.823825
-126.966800 1.889828 -88.743522 -13.828022
-126.305900 1.908029 -89.429272 -14.242492
-112.568600 1.946071 -88.897286 -14.882703
-86.299180 1.945784 -80.454541 -15.752035
-61.543980 1.945405 -80.229783 -15.764403
-47.855900 1.934439 -79.715915 -15.794888
-46.232820 1.927940 -77.977692 -16.061698
-46.233230 1.945161 -78.029110 -15.937781
-46.233230 1.945253 -78.006074 -15.940159
-46.233230 1.945258 -77.984488 -15.942649
-46.233230 1.945224 -77.963580 -15.955103
-46.233230 1.945225 -77.932735 -15.955756
-46.233230 1.945237 -77.905337 -15.966425
-46.233230 1.945247 -77.885949 -15.960551
-46.233230 1.945293 -77.878880 -15.969836
-46.233230 1.945266 -77.918864 -15.964811
-46.233230 1.945245 -77.949106 -15.954156
-46.233230 1.945268 -77.999163 -15.949712
-46.233230 1.945255 -77.959826 -15.959774
-46.233190 1.946384 -77.966821 -15.962500
-47.082300 1.950592 -72.887708 -16.237920
-66.128300 1.896088 -59.889646 -16.108013
-91.323310 1.888308 -52.717833 -15.690487
-104.175200 1.876166 -38.112426 -14.751343
-104.718300 1.901872 -38.117754 -14.787151
-117.056600 1.901999 -29.999280 -14.288051
-129.129400 1.889656 -23.226816 -12.723088
-127.136900 1.876283 -36.525876 -11.493872
-127.047900 1.889376 -39.846092 -11.219146
-126.821500 1.904265 -40.125750 -11.197065
-122.849300 1.937525 -48.124235 -10.535336
-97.014490 1.945592 -51.846179 -10.000005
-70.925290 1.945254 -52.775658 -10.088379
-51.696090 1.945383 -59.228451 -9.527366
-46.196040 1.942501 -60.706954 -9.316864
-46.200700 1.944644 -63.511195 -9.144094
-46.200710 1.945251 -63.502733 -9.132874
-46.200710 1.945284 -63.519002 -9.128831
-46.200700 1.947960 -63.510810 -9.130961
-46.602110 1.927307 -68.761482 -8.922718
-47.764180 1.946178 -85.196619 -8.030278
-47.594830 1.945752 -85.451289 -8.049013
-46.912220 1.941212 -90.945314 -7.739094
-46.793720 1.944102 -92.619169 -7.642520
-46.793740 1.945252 -92.654679 -7.647045
-46.793740 1.945260 -92.721557 -7.657188
-46.793740 1.945232 -92.774013 -7.665313
-46.793740 1.945287 -92.759114 -7.659811
-46.793740 1.945253 -92.771872 -7.663136
-46.793740 1.945257 -92.821190 -7.666974
-46.793740 1.945277 -92.852991 -7.669559
-46.793740 1.945253 -92.909934 -7.665954
-46.793740 1.945246 -92.881109 -7.663497
-46.793740 1.945253 -92.947168 -7.660814
-46.793740 1.945219 -93.008659 -7.666630
-46.793740 1.945251 -92.932710 -7.659214
-46.793740 1.945262 -93.018018 -7.669904
-46.793410 1.952884 -93.006580 -7.677287
-46.691340 1.933481 -98.342463 -7.622921
-47.211520 1.947161 -103.611642 -7.612385
