-67.286770 2.949862 0.000000 0.000000
-67.286860 2.949862 -0.029145 -0.002752
-67.286860 2.949885 -0.016245 -0.004651
-62.487450 2.964663 3.400524 -0.021083
-46.787400 2.949910 16.166423 -0.163535
-21.430510 2.773686 38.939520 -0.582570
3.819538 2.830235 55.883166 -0.815821
29.611500 2.844534 81.535292 -1.091984
41.765910 2.969769 99.829686 -1.139105
41.776450 2.919878 100.373710 -1.112128
41.711110 2.914934 100.251496 -1.112999
41.465530 2.909143 100.021724 -1.109435
45.526020 2.891319 97.361424 -1.082963
70.006370 2.827334 118.659194 -1.442675
95.887340 2.888122 142.829970 -1.652210
99.354750 2.869741 137.883335 -1.673454
90.415960 2.873081 122.980583 -1.504943
68.851110 2.914380 103.261806 -1.155909
43.285570 2.865703 78.091012 -0.856871
17.572580 2.855161 54.453248 -0.393048
-7.940744 2.839415 44.473637 -0.265519
-23.446180 2.838131 27.021918 -0.024716
-27.436110 2.871849 23.051724 0.050571
-40.024840 2.942099 14.035676 0.212481
-42.294840 2.959512 12.999812 0.218833
-40.965690 3.029489 12.153828 0.451335
-18.684190 2.836257 26.909427 0.321570
6.540370 2.943606 52.114992 0.296321
23.019690 2.887071 72.015496 0.241652
31.650670 2.874699 83.414237 0.213848
32.234310 2.876817 83.806869 0.213889
41.553320 2.911334 93.028476 0.234903
62.576860 2.794388 113.593663 0.092591
88.135350 2.869319 138.380572 0.130975
100.208900 2.901524 152.699070 0.155506
94.722740 2.867785 166.202155 0.173408
76.934520 2.946642 164.761168 0.391004
51.299140 2.844944 147.308988 0.447897
25.854840 2.917091 127.157414 0.627710
0.208015 2.875205 108.030840 0.671104
-20.727990 2.825861 91.996660 0.721722
-35.135290 2.940203 81.214992 0.892596
-46.075350 2.856193 80.043249 0.845172
-44.935140 3.035673 54.574457 1.101150
-44.629200 2.965084 31.203499 1.130606
-44.911520 2.906926 15.328595 1.156255
-44.912630 2.908875 15.340558 1.155280
-44.912620 2.908846 15.334703 1.152004
-44.912620 2.908811 15.342445 1.149810
-44.912620 2.908826 15.347482 1.146542
-44.912620 2.908813 15.337276 1.149363
-44.912620 2.908852 15.322959 1.146332
-44.912620 2.908856 15.298964 1.145787
-44.912620 2.908819 15.283987 1.143300
-44.912620 2.908865 15.349499 1.138770
-44.960150 2.911071 12.975937 1.151529
-45.439850 2.952506 1.065365 1.242513
-60.471350 2.989036 -11.731892 1.492725
-61.054260 2.995036 -11.696952 1.509009
-61.054920 2.995050 -11.702754 1.505925
-61.054920 2.995071 -11.719396 1.506245
-61.054930 2.995052 -11.725020 1.505856
-61.054930 2.995075 -11.722768 1.503601
-61.054930 2.995045 -11.705955 1.501376
-61.054930 2.995038 -11.697054 1.501041
-61.054930 2.995059 -11.678718 1.502449
-61.054930 2.995085 -11.669132 1.503476
-61.054930 2.995030 -11.681129 1.499749
-61.054930 2.995046 -11.672228 1.500272
-61.054930 2.995063 -11.694556 1.500979
-61.054930 2.995075 -11.705209 1.497405
-61.054930 2.995082 -11.715634 1.497535
-61.054930 2.995063 -11.718533 1.492157
-61.054930 2.995041 -11.720782 1.490015
-61.054930 2.995093 -11.697470 1.488211
-61.054930 2.995054 -11.713261 1.490828
-61.054930 2.995074 -11.696234 1.486874
-61.054930 2.995062 -11.702974 1.482512
-61.054930 2.995097 -11.719265 1.481333
-61.054930 2.995077 -11.727068 1.478118
-61.054930 2.995091 -11.748183 1.481827
-61.054930 2.995113 -11.733643 1.478731
-61.054930 2.995125 -11.736893 1.476758
-61.054920 2.995194 -11.732685 1.476598
-61.054920 2.995191 -11.728122 1.474299
-61.054920 2.995190 -11.702892 1.475320
-61.054920 2.995197 -11.710291 1.471104
-61.054920 2.995186 -11.700657 1.470518
-61.054920 2.995186 -11.699300 1.471198
-61.054920 2.995186 -11.703900 1.469055
-61.054920 2.995114 -11.705747 1.465331
-61.054920 2.995057 -11.710668 1.463725
