-2.063163 2.917522 0.000000 0.000000
-2.138060 2.917577 0.231073 -0.002714
-2.363162 2.917293 0.815696 -0.004009
-2.860656 2.917351 1.385813 -0.005295
-3.566337 2.917394 2.053704 -0.004389
-4.515141 2.917375 3.300278 0.002355
-5.670968 2.917446 4.663607 0.009427
-7.007950 2.917432 6.124289 0.017050
-8.567558 2.917452 7.665421 0.024359
-10.419620 2.917457 9.497785 0.034598
-12.456570 2.917442 11.435631 0.045589
-14.798200 2.917539 13.561531 0.057003
-17.059110 2.917500 15.977441 0.069262
-19.713100 2.917486 18.730983 0.084441
-22.487740 2.917629 21.565833 0.099271
-25.289990 2.917439 24.352211 0.113059
-27.701660 2.917453 27.115363 0.126929
-30.016770 2.917693 29.625927 0.139569
-32.065200 2.916040 31.005637 0.145744
-32.210760 2.918039 31.425237 0.148662
-32.237000 2.918068 31.753121 0.151827
-32.230560 2.918173 32.443711 0.154538
-32.223550 2.917845 32.547139 0.155350
-32.220440 2.917710 32.554212 0.156182
-32.218840 2.917605 32.556479 0.156903
-32.217870 2.917590 32.567178 0.157874
-32.217470 2.917544 32.570774 0.158676
-32.217240 2.917536 32.575151 0.159494
-32.217130 2.917548 32.581759 0.160340
-32.217080 2.917538 32.588949 0.161183
-32.217040 2.917540 32.593936 0.161934
-32.217020 2.917545 32.598860 0.162746
-32.217010 2.917565 32.604262 0.163532
-32.217000 2.917567 32.608564 0.164334
-32.217000 2.917537 32.613961 0.165165
-32.217000 2.917542 32.616547 0.165886
-32.217000 2.917555 32.631336 0.166788
-32.217000 2.917522 32.634550 0.167540
-32.217000 2.917545 32.639399 0.168389
-32.217000 2.917548 32.641299 0.169091
-32.217000 2.917537 32.649125 0.169999
-32.217000 2.917523 32.651789 0.170743
-32.217000 2.917529 32.655816 0.171455
-32.217000 2.917524 32.659462 0.172222
-32.217000 2.917527 32.660644 0.172895
-32.217000 2.917521 32.663313 0.173578
-32.217000 2.917550 32.666550 0.174353
-32.217000 2.917551 32.701865 0.175257
-32.217000 2.917518 32.707860 0.176032
-32.217000 2.917526 32.709322 0.176671
-32.217000 2.917547 32.719220 0.177557
-32.217000 2.917553 32.788610 0.178093
-32.217000 2.917554 32.791632 0.178844
-32.217000 2.917542 32.795300 0.179571
-32.217000 2.917516 32.796187 0.180118
-32.217000 2.917535 32.801049 0.180955
-32.217000 2.917562 32.805111 0.181745
-32.217000 2.917561 32.809140 0.182453
-32.217000 2.917540 32.812134 0.183173
-32.217000 2.917550 32.814448 0.183873
-32.217000 2.917530 32.816787 0.184600
-32.217000 2.917532 32.818696 0.185247
-32.217000 2.917532 32.821307 0.185916
-32.217000 2.917541 32.825567 0.186733
-32.217000 2.917525 32.833947 0.187539
-32.217000 2.917524 32.843468 0.188442
-32.217000 2.917531 32.849083 0.189209
-32.217000 2.917565 33.005667 0.189024
-32.217000 2.917527 33.018686 0.190009
-32.217000 2.917559 33.023938 0.190758
-32.217000 2.917529 33.054084 0.191421
-32.217000 2.917536 33.055452 0.192071
-32.217000 2.917521 33.062449 0.192896
-32.217000 2.917503 33.064544 0.193593
-32.217000 2.917521 33.067550 0.194346
-32.217000 2.917547 33.069331 0.195013
-32.217000 2.917541 33.072966 0.195784
-32.217000 2.917530 33.075598 0.196539
-32.217000 2.917526 33.083285 0.197319
-32.217000 2.917554 33.085747 0.198024
-32.217000 2.917545 33.087722 0.198721
-32.217000 2.917550 33.088965 0.199365
-32.217000 2.917548 33.090982 0.200071
-32.217000 2.917526 33.099108 0.200947
-32.217000 2.917541 33.106011 0.201742
-32.217000 2.917541 33.108730 0.202460
-32.217000 2.917527 33.126421 0.203377
-32.217000 2.917529 33.130360 0.204090
-32.217000 2.917536 33.136626 0.204933
-32.217000 2.917545 33.139079 0.205664
-32.217000 2.917536 33.142724 0.206437
-32.217000 2.917522 33.156389 0.207354
-32.255810 2.917219 33.158871 0.208071
-32.519400 2.917433 34.335106 0.209586
-33.051650 2.917292 34.865233 0.209817
-33.768780 2.917377 35.216302 0.208963
-34.789490 2.917449 36.621090 0.210697
-35.931910 2.918901 38.348656 0.212657
-37.322100 2.925795 40.249771 0.217081
-38.806120 2.935592 42.129776 0.225827
-40.538910 2.948982 43.975316 0.235332
-42.252430 2.968373 45.770409 0.248775
-43.733410 2.968828 47.335761 0.268654
-44.925830 2.971717 48.577280 0.293522
-45.628060 2.972449 49.349968 0.323557
-45.994180 2.972574 49.945535 0.376731
-46.027210 2.972655 50.152468 0.425680
-45.569880 2.973049 49.988782 0.474099
-45.103500 2.972723 49.729550 0.516148
-44.574870 2.973099 49.440735 0.560107
-44.036660 2.972943 49.169791 0.605092
-43.583800 2.972994 48.949026 0.657039
-43.174670 2.972925 48.811933 0.716941
-42.888130 2.972852 48.756887 0.778516
-42.745040 2.973003 48.762754 0.838413
-42.703880 2.972960 48.818370 0.901379
-42.685820 2.973044 48.914732 0.963372
-42.737970 2.972767 49.050706 1.027178
-42.793270 2.972866 49.199723 1.085899
-42.870940 2.972964 49.346688 1.140666
-42.949910 2.973134 49.490294 1.194175
-43.032080 2.973067 49.618235 1.241277
-43.104790 2.972561 49.651589 1.254768
-43.121450 2.974032 49.686515 1.265918
-43.121250 2.973090 49.719587 1.279356
-43.121310 2.973679 49.740857 1.288384
-43.121080 2.973352 49.757387 1.294406
-43.120980 2.973198 49.766261 1.296932
-43.120920 2.973089 49.776494 1.300263
-43.120890 2.973043 49.783944 1.302210
-43.120880 2.973020 49.799749 1.309210
-43.120870 2.972983 49.802542 1.310444
-43.120870 2.972976 49.810455 1.311866
-43.120870 2.972966 49.812269 1.312517
-43.120860 2.972997 49.816569 1.313936
-43.120860 2.972987 49.821490 1.315838
-43.120860 2.972986 49.824068 1.317246
-43.120860 2.972993 49.826512 1.318435
-43.120860 2.972977 49.828177 1.318989
-43.120860 2.972996 49.829445 1.320075
-43.120860 2.973015 49.830846 1.320947
-43.120860 2.973012 49.848410 1.326405
-43.120860 2.973013 49.865771 1.333561
-43.120860 2.972992 49.870287 1.334697
-43.120860 2.973013 49.873958 1.335925
-43.120860 2.972999 49.875747 1.336388
-43.120860 2.972987 49.876831 1.337532
-43.120860 2.972968 49.878413 1.338196
-43.120860 2.973014 49.882094 1.339092
-43.120860 2.973012 49.883684 1.339991
-43.120860 2.972983 49.885590 1.340615
-43.120860 2.972977 49.887315 1.341212
-43.120860 2.972962 49.891258 1.342687
-43.120860 2.972961 49.922448 1.351842
-43.120860 2.972986 49.924924 1.353530
-43.120860 2.972964 49.931288 1.355301
-43.120860 2.972964 49.932934 1.356112
-43.120860 2.972973 49.935126 1.357146
-43.120860 2.972958 49.941870 1.358286
-43.120860 2.972983 49.943824 1.359414
-43.120860 2.972995 49.944864 1.360599
-43.120860 2.973000 49.946805 1.361295
-43.120860 2.972974 49.948403 1.361947
-43.120860 2.973006 49.949853 1.363314
-43.120860 2.973016 49.951985 1.364274
-43.120860 2.972995 49.958653 1.365828
-43.120860 2.972989 49.965313 1.367111
-43.120860 2.972991 49.967131 1.368221
-43.120860 2.973011 49.969221 1.369380
-43.120860 2.972994 49.981031 1.371629
-43.120860 2.972973 49.983148 1.372623
-43.120860 2.972989 49.996414 1.376675
-43.120860 2.972980 49.997971 1.377448
-43.120860 2.972955 50.005802 1.378909
-43.120860 2.972960 50.012603 1.380162
-43.120860 2.972975 50.014451 1.380651
-43.120860 2.972975 50.016115 1.381411
-43.120860 2.972976 50.018011 1.382118
-43.120860 2.972988 50.029882 1.385679
-43.120860 2.972984 50.045665 1.390887
-43.120860 2.972983 50.051230 1.392016
-43.120860 2.973006 50.053812 1.393107
-43.120860 2.973004 50.054846 1.394289
-43.120860 2.972978 50.056320 1.395289
-43.120860 2.972983 50.058075 1.396204
-43.120860 2.972983 50.066089 1.397519
-43.120860 2.972981 50.075682 1.399552
-43.120860 2.972970 50.080933 1.401040
-43.120860 2.972957 50.083356 1.401988
-43.120860 2.972944 50.085608 1.402734
-43.120860 2.972974 50.098363 1.405913
-43.120860 2.972990 50.100236 1.406826
-43.120860 2.973010 50.110490 1.409234
-43.120890 2.972970 50.116198 1.410865
-43.125640 2.972690 50.132655 1.413906
-43.137970 2.972742 50.173156 1.426503
-43.157270 2.972854 50.237237 1.446787
-43.185840 2.972864 50.353780 1.481131
-43.224310 2.972922 50.469779 1.516456
-43.280980 2.970189 50.595180 1.554797
-43.325100 2.963559 50.735339 1.598316
-43.394800 2.952732 50.875679 1.641482
-43.458490 2.945088 51.023744 1.686616
-43.533840 2.945267 51.192820 1.736244
-43.616640 2.944703 51.382905 1.790722
-43.709350 2.945205 51.581748 1.848043
-43.811210 2.945577 51.798676 1.909372
-43.929990 2.948393 52.033294 1.974683
-44.055900 2.960645 52.274833 2.043258
-44.171890 2.973946 52.503199 2.110959
-44.285350 2.972081 52.710767 2.176712
-44.374550 2.973103 52.908275 2.244431
-44.455670 2.973040 53.085847 2.310951
-44.522980 2.972916 53.252849 2.379093
-44.564910 2.972970 53.408175 2.447366
-44.579950 2.972974 53.556214 2.515465
-44.584670 2.972987 53.695400 2.582857
-44.582470 2.973059 53.824187 2.648666
-44.562930 2.972928 53.945997 2.715546
-44.537720 2.972965 54.055603 2.781142
-44.507260 2.973090 54.161916 2.847923
-44.475690 2.972704 54.265619 2.915128
-44.445830 2.972844 54.363944 2.979540
-44.419380 2.973061 54.451524 3.041417
-44.395700 2.972995 54.530743 3.099672
-44.372230 2.973026 54.605521 3.154519
-44.350250 2.972882 54.673368 3.205219
-44.331900 2.972912 54.743069 3.255807
-44.312920 2.973095 54.812212 3.305054
-44.305280 2.972475 54.832171 3.326619
-44.306360 2.970984 54.849705 3.344803
-44.305820 2.973778 54.864630 3.361670
-44.305890 2.973398 54.883783 3.382840
-44.305920 2.973181 54.889321 3.394181
-44.305930 2.973088 54.888580 3.398918
-44.305940 2.973033 54.885986 3.400817
-44.305950 2.973005 54.881659 3.402941
-44.305950 2.973006 54.887425 3.418145
-44.305950 2.972988 54.888261 3.425565
-44.305950 2.972998 54.885753 3.432072
-44.305950 2.972976 54.884115 3.436310
-44.305950 2.972963 54.884714 3.442224
-44.305950 2.972972 54.882530 3.446129
-44.305950 2.972963 54.883097 3.452900
-44.305950 2.972965 54.884571 3.461859
-44.305950 2.972986 54.892059 3.479823
-44.305950 2.972985 54.900455 3.495450
-44.305950 2.972988 54.900208 3.506762
-44.305950 2.972993 54.897958 3.510892
-44.305950 2.972971 54.894610 3.513304
-44.305950 2.972976 54.892123 3.515242
-44.305950 2.972985 54.889445 3.517125
-44.305950 2.972975 54.889107 3.525982
-44.305950 2.972964 54.890999 3.537568
-44.305950 2.972964 54.888342 3.543216
-44.305950 2.972976 54.885065 3.546184
-44.305950 2.972965 54.882653 3.554160
-44.305950 2.972977 54.879415 3.559257
-44.305950 2.972959 54.877263 3.570096
-44.305950 2.972947 54.874402 3.576069
-44.305950 2.972987 54.872412 3.580106
-44.305950 2.972969 54.871092 3.595870
-44.305950 2.972986 54.867886 3.599110
-44.305950 2.973006 54.864580 3.605561
-44.305950 2.973013 54.863085 3.615342
-44.305950 2.972996 54.861275 3.624315
-44.305950 2.972998 54.856974 3.626875
-44.305950 2.972999 54.850550 3.630859
-44.305950 2.973006 54.844883 3.633957
-44.305950 2.972987 54.841542 3.648894
-44.305950 2.972971 54.835224 3.654922
-44.305950 2.972972 54.828409 3.658633
-44.305950 2.972975 54.824185 3.676638
-44.305950 2.972993 54.817743 3.685189
-44.305950 2.972999 54.813647 3.705202
-44.305950 2.972964 54.809450 3.708548
-44.305950 2.972973 54.802287 3.713137
-44.305950 2.972988 54.797358 3.723932
-44.305950 2.972983 54.793266 3.726113
-44.305950 2.972983 54.788143 3.729738
-44.305950 2.972984 54.780865 3.734818
-44.305950 2.972990 54.773430 3.746128
-44.305950 2.973001 54.765520 3.756573
-44.305950 2.972992 54.761463 3.758999
-44.305950 2.972978 54.758079 3.761384
-44.305950 2.973001 54.752684 3.782122
-44.305950 2.972985 54.749790 3.784328
-44.305950 2.973000 54.743210 3.796876
-44.305950 2.972988 54.734902 3.800918
-44.305950 2.972988 54.728719 3.812048
-44.305950 2.972998 54.718216 3.818979
-44.305950 2.972972 54.712331 3.822886
-44.305950 2.973007 54.703756 3.828214
-44.305950 2.973003 54.696625 3.841379
-44.305950 2.972984 54.687967 3.854543
-44.305950 2.972967 54.678568 3.869470
-44.305950 2.972972 54.675401 3.872234
-44.305950 2.972985 54.665831 3.883781
-44.305950 2.972986 54.656966 3.912964
-44.305950 2.973005 54.647774 3.922813
-44.305950 2.972995 54.634787 3.939156
-44.305950 2.972977 54.624345 3.950763
-44.305950 2.972970 54.613545 3.964701
-44.305950 2.972972 54.602374 3.974931
-44.305950 2.972962 54.596793 3.986112
-44.305950 2.972960 54.580843 4.016953
-44.305950 2.972993 54.567378 4.037073
-44.305950 2.972984 54.551790 4.060018
-44.305950 2.972952 54.539457 4.081157
-44.305950 2.972980 54.532193 4.084313
-44.305950 2.973002 54.521238 4.093118
-44.305950 2.973000 54.510568 4.101336
-44.305950 2.973011 54.501179 4.105747
-44.305950 2.972972 54.494993 4.113033
-44.305950 2.972995 54.485182 4.126267
-44.305950 2.972985 54.474132 4.144597
-44.305950 2.972971 54.465601 4.148341
-44.305950 2.972961 54.454095 4.156073
-44.305950 2.972970 54.424994 4.204760
-44.305950 2.972974 54.414325 4.209585
-44.305950 2.972976 54.404409 4.226160
-44.305950 2.972961 54.397038 4.237241
-44.305950 2.972978 54.386822 4.242757
-44.305950 2.972984 54.363318 4.271762
-44.305840 2.972821 54.347763 4.281961
-44.303670 2.972829 54.309506 4.338228
-44.299990 2.972758 54.273800 4.395777
-44.294030 2.972837 54.233956 4.453539
-44.276980 2.972828 54.181409 4.526723
-44.248630 2.972130 54.121682 4.608941
-44.192640 2.961617 54.048130 4.688887
-43.973450 2.956756 53.813967 4.775815
-43.301760 2.935280 53.199281 4.857700
-42.056480 2.939889 52.113354 4.923637
-40.159060 2.926920 50.407565 4.983367
-37.347730 2.914463 47.863446 5.021211
-34.073620 2.917070 44.835777 5.023556
-30.980070 2.917086 41.807427 5.012951
-27.592330 2.917424 38.760991 4.983054
-23.640010 2.917337 35.022712 4.944052
-20.314470 2.917749 31.392002 4.917587
-16.443650 2.917420 27.715788 4.940301
-12.235680 2.917397 23.870641 4.996840
-8.390718 2.917626 20.158122 5.084860
-4.761197 2.917263 16.533860 5.166965
-1.571224 2.917620 13.178135 5.218551
1.593463 2.917514 9.973330 5.269334
4.417896 2.917512 6.909589 5.321304
7.410303 2.917580 4.059496 5.365959
9.967937 2.917488 1.447628 5.406287
12.385760 2.917406 -1.048414 5.444543
14.671450 2.917284 -3.329231 5.479499
15.294120 2.917932 -3.818598 5.486046
15.195340 2.916603 -3.821628 5.486401
15.220490 2.918290 -3.997179 5.488341
15.212360 2.917878 -3.998607 5.489047
15.208970 2.917722 -4.000614 5.489773
15.207190 2.917617 -4.002335 5.490481
15.206380 2.917584 -4.246366 5.494550
15.206020 2.917571 -4.260529 5.495506
15.205810 2.917565 -4.263995 5.496255
15.205720 2.917557 -4.263559 5.496889
