1.000000000000000000e+00 0.000000000000000000e+00 0.000000000000000000e+00 0.000000000000000000e+00 0.000000000000000000e+00 1.000000000000000000e+00 0.000000000000000000e+00 0.000000000000000000e+00 0.000000000000000000e+00 0.000000000000000000e+00 1.000000000000000000e+00 0.000000000000000000e+00
9.999998798543402456e-01 -1.971851912489597876e-04 -4.487864808129471373e-04 -6.691587637461836498e-03 1.971566779320115339e-04 9.999999785435653710e-01 -6.357761384555982295e-05 -1.033812462288486410e-03 4.487990077475347071e-04 6.348912495532759424e-05 9.999998972742855097e-01 -9.420406105300482835e-04
9.999998654194677261e-01 -2.493163735009669402e-04 -4.549751556017446377e-04 -3.842084127294414370e-02 2.492635737096704843e-04 9.999999621938988614e-01 -1.161028486730696937e-04 7.827385552702166224e-03 4.550040847420923134e-04 1.159894243146521300e-04 9.999998897588620039e-01 1.587088964367655564e-04
9.999992574222307251e-01 -9.844037910442836933e-04 -7.184038997986021092e-04 -2.914460685853220712e-02 9.848533854847733859e-04 9.999993192571134948e-01 6.257388584110725079e-04 2.608505259872694049e-02 7.177874310458340129e-04 -6.264459162641689179e-04 9.999995461732559265e-01 -2.752069696313363956e-03
9.999997795479108609e-01 -4.388998638552858342e-04 -4.982680392332202498e-04 -4.357581142980401084e-02 4.387770465920023412e-04 9.999998733387385208e-01 -2.465709042434262224e-04 3.594897702821291119e-02 4.983761960582647026e-04 2.463522213076893260e-04 9.999998454658632907e-01 1.063716934500580358e-03
9.999992503654571152e-01 -1.160030917453659313e-03 3.919142685923681702e-04 -1.989896069629354738e-02 1.160169379268696918e-03 9.999992646091269144e-01 -3.532537578754465775e-04 3.566127810272677612e-02 -3.915041951013499902e-04 3.537081799979466647e-04 9.999998608074847084e-01 -1.055804119262093721e-04
9.999973853759978049e-01 -1.886808988194216144e-03 -1.291972526681479201e-03 -1.624493768975758881e-02 1.887390654620469668e-03 9.999981180110243395e-01 4.491446614215837980e-04 4.317594660511822613e-02 1.291122645019257206e-03 -4.515819439500565191e-04 9.999990645375941289e-01 -4.650671036679487891e-03
9.999729538937830453e-01 -2.082576087961926416e-03 -7.053676897874619316e-03 8.854369716262645851e-02 2.086510356229559927e-03 9.999976717378432634e-01 5.504483868804771300e-04 4.289092700875210551e-02 7.052514124417455683e-03 -5.651510692918510761e-04 9.999749710111718315e-01 -2.457961860564239487e-03
9.999965723411127216e-01 -2.061756339253524670e-03 -1.613836058239078060e-03 1.346750213930395956e+00 2.064384146710713727e-03 9.999965434233730743e-01 1.628330249457119773e-03 5.344571215868003378e-02 1.610473259676862114e-03 -1.631656245670487634e-03 9.999973720334348615e-01 -1.044257395787950848e-02
9.999778627572527556e-01 -1.383141451297667697e-03 6.508526343371933039e-03 3.400523807798629505e+00 1.379503844523904173e-03 9.999988897996344717e-01 5.633548099300795609e-04 6.570361916825152859e-02 -6.509298316993011868e-03 -5.543638016950326163e-04 9.999786606304135184e-01 -2.108282065814626183e-02
9.999837559181024016e-01 -1.202617303256086267e-03 5.571499936868944125e-03 6.249187243197817487e+00 1.210318612212492881e-03 9.999983166003085788e-01 -1.379103116648943989e-03 7.614146958743260585e-02 -5.569832024536614315e-03 1.385824004456504954e-03 9.999835280958617734e-01 -4.911463603062882211e-02
9.999930707419499853e-01 -9.124470562930632423e-04 3.609142343345559962e-03 1.036450149581251345e+01 9.298183707342765102e-04 9.999879784421327189e-01 -4.814396017632465233e-03 7.308178907471153674e-02 -3.604706074357910510e-03 4.817718504293541301e-03 9.999818976774185186e-01 -1.011873828880314186e-01
9.999894217166317434e-01 -1.010018077778907994e-03 4.487350924400035010e-03 1.616642327192882078e+01 1.051745034085353227e-03 9.999561433967192325e-01 -9.306186949747233261e-03 8.119219531289405267e-02 -4.477754707376327241e-03 9.310808055315535417e-03 9.999466278587761936e-01 -1.635346832604230860e-01
9.999405086221379024e-01 -1.256681029789350076e-04 1.090703552886411291e-02 2.166553846553840756e+01 2.865050674748519815e-04 9.998912328898820201e-01 -1.474585720798817466e-02 6.427583358067359698e-02 -1.090399611822755882e-02 1.474810487757525698e-02 9.998317839872735702e-01 -2.633254838690037847e-01
9.999520459517499127e-01 -1.150477976681295528e-03 9.725337903369993958e-03 3.106795294799325546e+01 1.088453795184144519e-03 9.999790521829020618e-01 6.380475195543604781e-03 8.648024435735779392e-02 -9.732474774963615488e-03 -6.369583644977852219e-03 9.999323513813045405e-01 -4.407314110636738613e-01
9.998929253771331460e-01 -1.610734622632405437e-03 1.454452868725050925e-02 3.893951986340243110e+01 1.389713819138077349e-03 9.998836065294723907e-01 1.519348837878035235e-02 1.049894448400765234e-01 -1.456730847684968057e-02 -1.517164880923264556e-02 9.997787828295566781e-01 -5.825695843758778025e-01
9.999755703010076990e-01 -1.378872617243435570e-03 6.852555105930067426e-03 4.835011225206509522e+01 1.302709604214310948e-03 9.999374711884694289e-01 1.110660438188367134e-02 1.238944232499028936e-01 -6.867441216456084997e-03 -1.109740616153189439e-02 9.999148392876389124e-01 -7.467083264394126507e-01
9.999944086219341166e-01 -2.048347516666347134e-03 2.643292893206176768e-03 5.599613981563878440e+01 2.044681621527709523e-03 9.999969452168385731e-01 1.388824703664494169e-03 1.175402784536025980e-01 -2.646129614152395275e-03 -1.383412245821455302e-03 9.999955420743751322e-01 -8.254388744397640476e-01
9.999967064597112820e-01 1.651424438443937267e-03 1.964654436326945201e-03 5.588316609090073683e+01 -1.669406235628255637e-03 9.999564097613271585e-01 9.186493349328030480e-03 -1.424624358875563324e-01 -1.949397996950476015e-03 -9.189742899608931495e-03 9.999558732628598401e-01 -8.158212835586178269e-01
9.998980416918001879e-01 1.320216857671992813e-03 1.421841230066525456e-02 6.551558548581571984e+01 -1.294383916896351240e-03 9.999974952998589295e-01 -1.825914643184501848e-03 -1.653384475750165061e-01 -1.422078729109856748e-02 1.807324391810783597e-03 9.998972461145015922e-01 -9.172208059406191660e-01
9.999977635905119566e-01 1.150892581208528501e-03 1.774333745710483714e-03 7.296464393496115974e+01 -1.162718388574500786e-03 9.999770234913507583e-01 6.678366216913797504e-03 -1.555403482003092641e-01 -1.766606895582193467e-03 -6.680414331825831539e-03 9.999761252972151349e-01 -9.970615115208917301e-01
9.999757710152773482e-01 2.343735152813338103e-04 6.957187036225818445e-03 8.153529216811564595e+01 -3.163482136143131286e-04 9.999305165136440632e-01 1.178397507484160028e-02 -1.428355324791541481e-01 -6.953941774953037447e-03 -1.178589045478023109e-02 9.999063633560786313e-01 -1.091984195908298538e+00
9.994021052566083307e-01 -3.294623261112231138e-02 1.048702843483678183e-02 8.917816763320172413e+01 3.306477793254370551e-02 9.993888898237047735e-01 -1.133875465888477263e-02 -9.253437877766025610e-02 -1.010705045652909514e-02 1.167872654344776634e-02 9.998807203248757380e-01 -1.150965949347495076e+00
7.201277605722579134e-01 -6.923820570923825413e-01 4.497883357431244067e-02 9.723818298821254302e+01 6.935767017963376802e-01 7.201295642058230806e-01 -1.909893929110872968e-02 3.773778824284804934e+00 -1.916682494569547229e-02 4.494994742212963384e-02 9.988053539345134180e-01 -1.182113457840364923e+00
2.741277256949601338e-01 -9.615971127167766141e-01 1.360083894719657516e-02 9.982968585240860193e+01 9.615976563504247121e-01 2.738736045657176876e-01 -1.797765344952527780e-02 9.558229371712604561e+00 1.356234886289977605e-02 1.800670810947433212e-02 9.997458782892684193e-01 -1.139104701592286162e+00
7.947212419156599039e-02 -9.968233833360283791e-01 5.227227849823965627e-03 1.004138198981754471e+02 9.968266258535588564e-01 7.949422302662645379e-02 4.164912340198409155e-03 1.471270488660545972e+01 -4.567216426759453107e-03 4.879645469360554925e-03 9.999776645476659009e-01 -1.103707911837227718e+00
1.810294899420652592e-03 -9.999716249976943194e-01 7.312457305712446315e-03 1.005300060080252535e+02 9.999966385718433992e-01 1.823817199376427407e-03 1.842969298998063362e-03 1.960273272237639475e+01 -1.856253590143818128e-03 7.309096407490811229e-03 9.999715653118916858e-01 -1.106595477433542696e+00
-4.749132431985794711e-02 -9.988114808367657416e-01 1.096356981158703829e-02 1.003737095458010629e+02 9.988061689421731115e-01 -4.761102711822050998e-02 -1.092826517829638237e-02 2.392792762454315891e+01 1.143726354532304500e-02 1.043148337560543919e-02 9.998801794001015431e-01 -1.112128347130902917e+00
-6.550132116838973395e-02 -9.978084979687710243e-01 9.369007765018840320e-03 1.002643968856875460e+02 9.977378892692279067e-01 -6.563320267825392684e-02 -1.453915481660981307e-02 2.536744051871420780e+01 1.512221021483247524e-02 8.395480182857214049e-03 9.998504061461982451e-01 -1.114388973911349723e+00
-6.570599621134086410e-02 -9.978027137408040925e-01 8.512726552791402904e-03 1.002590171634012108e+02 9.978389958757247769e-01 -6.570150241068729857e-02 8.067779769563680758e-04 2.537185418608905252e+01 -2.457063306636282553e-04 8.547340666299290540e-03 9.999634406296727951e-01 -1.112466443643128855e+00
-6.671679384074322150e-02 -9.977363473784840453e-01 8.429148204489160870e-03 1.002514956746574342e+02 9.977709476570321145e-01 -6.672633603484150189e-02 -8.556231377158170660e-04 2.540584043083081411e+01 1.416132479737326321e-03 8.353274759450373191e-03 9.999641080406800331e-01 -1.112999332017154508e+00
-6.744465106077648930e-02 -9.976778395538282718e-01 9.494604072643405418e-03 1.002436690191447610e+02 9.977158295998024284e-01 -6.747723294667232197e-02 -3.153791343551187905e-03 2.541414163769696444e+01 3.787137344783901398e-03 9.260210422374780606e-03 9.999499517944209215e-01 -1.115159812041201182e+00
-7.456167606406348403e-02 -9.971738771233795706e-01 9.209519273298147346e-03 1.001800329161572449e+02 9.971920784602905652e-01 -7.462118308577446457e-02 -6.295847117356092974e-03 2.620482968629094245e+01 6.965279503614780522e-03 8.714230752447121864e-03 9.999377715957274981e-01 -1.117009817605491229e+00
-7.772693759314736051e-02 -9.969375366876135347e-01 8.606457786122505282e-03 1.000217235945717391e+02 9.969217907463722161e-01 -7.780884051012082470e-02 -9.629510554391665367e-03 2.827482219577100153e+01 1.026967903284010074e-02 7.831492942210561969e-03 9.999165972274177694e-01 -1.109435488554237903e+00
-5.623836387305963802e-02 -9.984070313903821159e-01 4.543797874686122604e-03 9.980478427916129647e+01 9.983698027733247660e-01 -5.627952619492203323e-02 -9.505358574389945539e-03 3.153504499715674925e+01 9.745939628070613217e-03 4.001824773741800845e-03 9.999444994894696181e-01 -1.094754944001060437e+00
2.427804078728085235e-01 -9.700407752538431350e-01 -8.863853452965390553e-03 1.004817040475077334e+02 9.700805514345257619e-01 2.427812266155759957e-01 9.998657522938280990e-04 3.594116022022805623e+01 1.182066664346774487e-03 -8.841399660647420236e-03 9.999602153938131899e-01 -1.099308497665323792e+00
4.177295890637442444e-01 -9.084489655002414565e-01 -1.491534452086839928e-02 9.736142386658829651e+01 9.085505708948456993e-01 4.177748826447913455e-01 8.693549698659874597e-05 3.284192830653090311e+01 6.152279844509699232e-03 -1.358766030895953644e-02 9.998887562824390063e-01 -1.082963431532437237e+00
8.574500161678394461e-01 -5.145646564006480794e-01 -1.638339725092758997e-03 1.031345585812207304e+02 5.145181285324600395e-01 8.573197932476186445e-01 1.654894308756288054e-02 3.778531248941198584e+01 -7.110920139259803083e-03 -1.503284700724654040e-02 9.998617146013889512e-01 -1.187449643462650695e+00
9.363366059356620363e-01 -3.504843626252622801e-01 2.084399050202807857e-02 1.109465889551091209e+02 3.506488623181024944e-01 9.364950895858071833e-01 -4.724673183567285918e-03 4.106488498083130878e+01 -1.786437068316726329e-02 1.173280600856212164e-02 9.997715766730215226e-01 -1.351000410386392847e+00
9.554093900534377237e-01 -2.952255094615918174e-01 5.898810122556415528e-03 1.186591939740671791e+02 2.952393788461642465e-01 9.554219439698480310e-01 -1.618072744864001121e-03 4.349883022244539177e+01 -5.158156283953495812e-03 3.287482930747639975e-03 9.999812927648845662e-01 -1.442675211377630884e+00
9.551451015714167436e-01 -2.960324559481368190e-01 7.913278046604221502e-03 1.270209904136025614e+02 2.960369742352911282e-01 9.551762791620859172e-01 6.209763975129555750e-04 4.605521715951172723e+01 -7.742404648572045502e-03 1.749500324923315437e-03 9.999684967132065339e-01 -1.526992584315261636e+00
9.467499097904239491e-01 -3.219611545185230295e-01 2.371348334658389661e-03 1.346135625371916262e+02 3.219671170675855731e-01 9.467466378502575886e-01 -2.824755993117726051e-03 4.851768315698879519e+01 -1.335604362232359127e-03 3.437833668537159174e-03 9.999931987071984940e-01 -1.595282730334129262e+00
7.372966219938075216e-01 -6.731989445055087673e-01 5.654089062961372564e-02 1.428299700325010519e+02 6.754068456790470742e-01 7.363678488351824702e-01 -3.984951708271464860e-02 5.294757352835456032e+01 -1.480824116501626431e-02 6.756901892520142394e-02 9.976047031139558818e-01 -1.652210060394839086e+00
-1.378548425604722294e-01 -9.900824342147106494e-01 2.707057151411987328e-02 1.444579475275606342e+02 9.904174435067711890e-01 -1.380282423666401581e-01 -4.635936441301445263e-03 6.168526220653291148e+01 8.326462642622812355e-03 2.617207994504587923e-02 9.996227749762460757e-01 -1.701443882627146298e+00
-3.994435315497839589e-01 -9.167411016893547426e-01 5.533315138843159647e-03 1.415466296028940860e+02 9.167406719887990496e-01 -3.994656884525628060e-01 -3.701900950211459585e-03 6.970802293307720277e+01 5.604054296804693476e-03 3.593914649708938695e-03 9.999778389309078586e-01 -1.670243844530006960e+00
-4.692178599207302292e-01 -8.830344066998869756e-01 9.210674002994313422e-03 1.378833354666164155e+02 8.830824415350887469e-01 -4.691927755842222325e-01 4.851885406761042609e-03 7.705442037243945208e+01 3.719994893126848397e-05 1.041037577388905302e-02 9.999458098779202553e-01 -1.673453624457510891e+00
-5.639987397797878721e-01 -8.255615517432971506e-01 1.880281388546004712e-02 1.333807100650085431e+02 8.257584582214549940e-01 -5.639876962602518029e-01 6.391176947929958635e-03 8.441399910890515912e+01 5.328245727871845812e-03 1.913119834862459998e-02 9.998027840765439933e-01 -1.660790684893406643e+00
-6.814989625093343939e-01 -7.311984917861935607e-01 3.013187196802964013e-02 1.289127673063425732e+02 7.314971945211439230e-01 -6.818426118315724649e-01 -1.583381948742288749e-03 8.975796374990434856e+01 2.170296077489771575e-02 2.096230665496011739e-02 9.995446779375628532e-01 -1.594715730739856951e+00
-8.087305708401384408e-01 -5.875592436161963805e-01 2.699998203236503649e-02 1.229805831866948296e+02 5.878695203571608907e-01 -8.089421740994902077e-01 4.688922928759891792e-03 9.469725510301412896e+01 1.908640415651174926e-02 1.966454180381980998e-02 9.996244369622121484e-01 -1.504942791523023349e+00
-9.151223736991478397e-01 -4.024655336339537093e-01 2.392771179982011026e-02 1.158825492762986045e+02 4.028784681794017608e-01 -9.151151013284364311e-01 1.591512482089052147e-02 9.857203062418778927e+01 1.549132120435933735e-02 2.420424668076128633e-02 9.995870014210667120e-01 -1.408885919507889994e+00
-9.790990594351394183e-01 -2.009341363825679627e-01 3.147228382907812233e-02 1.091160291112600902e+02 2.012710327686624834e-01 -9.795037561410387950e-01 7.897029430903581768e-03 1.005058628932795557e+02 2.924043743623257544e-02 1.406643315799635009e-02 9.994734274990749734e-01 -1.285787126186916485e+00
-9.996606874861527769e-01 -2.090440705684618386e-02 1.554077412213198187e-02 1.032618062179379450e+02 2.110825650771386980e-02 -9.996917498405408775e-01 1.307083807421345958e-02 1.009438118899749099e+02 1.526274555635326498e-02 1.339444162178681473e-02 9.997937975061267357e-01 -1.155909357602864951e+00
-9.587079752400016197e-01 2.841006090622841818e-01 1.287874767423981270e-02 9.276229003752483493e+01 -2.839830773430283561e-01 -9.587747908836652400e-01 1.022311834852503848e-02 9.905517315583570337e+01 1.525221275754457678e-02 6.143638695698352102e-03 9.998648037157698010e-01 -1.027552182841099837e+00
-9.227696723914637911e-01 3.853514404130042315e-01 6.317326764976712245e-04 8.645772824654400779e+01 -3.853191276213751015e-01 -9.227112147693241617e-01 1.154053846321703193e-02 9.665398846867216776e+01 5.030069945283049612e-03 1.040584021312585504e-02 9.999332062121969456e-01 -9.955003226585841247e-01
-9.028360437848187425e-01 4.296554477128708416e-01 1.683075439874004778e-02 7.809101219948941264e+01 -4.296665273626106285e-01 -9.029821911536447532e-01 3.136514549332573322e-03 9.273494722816418800e+01 1.654549204869458154e-02 -4.399853408406676110e-03 9.998534332505193412e-01 -8.568712778486998749e-01
-9.009024737402983041e-01 4.335100409364696095e-01 2.106602040901366102e-02 7.168460057961395648e+01 -4.333315872428856186e-01 -9.011459024473650326e-01 1.264112336329563206e-02 8.965111645364413562e+01 2.446361187916049409e-02 2.259847248120394614e-03 9.996981668404922861e-01 -7.246144912588661224e-01
-9.055982076496935651e-01 4.232030436098663251e-01 2.812596986789344874e-02 6.221961966489072182e+01 -4.232981014695921806e-01 -9.059862047992117695e-01 2.777409901406724217e-03 8.517362624522547776e+01 2.665714902053728519e-02 -9.390452218447805505e-03 9.996005281177225976e-01 -4.962174975048903036e-01
-9.172307543311303268e-01 3.982137261526604299e-01 1.065699829977482214e-02 5.445324804798283935e+01 -3.982736621053195036e-01 -9.172571519217498359e-01 -4.172208242490862626e-03 8.168839719207204553e+01 8.113777317959281268e-03 -8.071279453387926808e-03 9.999345083882343888e-01 -3.930479393986866521e-01
-9.267905772144093834e-01 3.748470016262227533e-01 2.342971101858023000e-02 5.329433385797611322e+01 -3.748448727799054692e-01 -9.270758917756263262e-01 4.648896540537609916e-03 8.118075598278028338e+01 2.346374516568653854e-02 -4.473953537814730382e-03 9.997146774968050931e-01 -4.191560039373680713e-01
-9.314857892208426859e-01 3.630182708221297294e-01 2.349381895172648893e-02 5.337961495910216314e+01 -3.631971191131168619e-01 -9.317049584219276870e-01 -3.704472962187057346e-03 8.122578071787667398e+01 2.054451624055016537e-02 -1.198355128106227789e-02 9.997171186646428565e-01 -3.928172006431694951e-01
-9.328667068915538207e-01 3.599597137642466249e-01 1.373723553234901772e-02 4.447363738320531468e+01 -3.599557329674297756e-01 -9.329650396020769954e-01 2.846960515406023792e-03 7.779674998212763626e+01 1.384115158468475319e-02 -2.288962004335810211e-03 9.999015867452918371e-01 -2.655188185956465219e-01
-9.345007454374347766e-01 3.557351285170665123e-01 1.268365545994189908e-02 3.761803565986974007e+01 -3.556959908526696745e-01 -9.345867150178304161e-01 5.294733564523522798e-03 7.517119961400877060e+01 1.373749861576449745e-02 4.364070664819300256e-04 9.999055408790642474e-01 -1.773815508768171734e-01
-9.332462904725457031e-01 3.591423225696239174e-01 8.255510797698610917e-03 3.132611395492630280e+01 -3.591243967981939678e-01 -9.332827159622569813e-01 3.611053924768244973e-03 7.275294068702612549e+01 9.001607832397357650e-03 4.052473445017991762e-04 9.999594025914358975e-01 -8.061110473353583217e-02
-9.334632771683351038e-01 3.583185543551360985e-01 1.594126039556632499e-02 2.702191815562199295e+01 -3.583622861545581739e-01 -9.335825925918762591e-01 1.211260103065475046e-04 7.107554225583027119e+01 1.492588490618288258e-02 -5.599679837009181350e-03 9.998729226984247598e-01 -2.471599166216809085e-02
-9.332689575538669624e-01 3.580419285328893531e-01 2.854873515183936963e-02 2.490556375029057179e+01 -3.580292727739190495e-01 -9.336927851105725207e-01 5.729124666295441065e-03 7.024528424577428609e+01 2.870701487963077045e-02 -4.874468680018569956e-03 9.995759835309109276e-01 1.095557802242741463e-02
-9.331845872978897782e-01 3.588590574136690248e-01 1.966476396608846100e-02 2.450497391058095076e+01 -3.588489030888120102e-01 -9.333863743307893035e-01 4.164248501388734952e-03 7.007703589798387611e+01 1.984920103242271763e-02 -3.170666459556934977e-03 9.997979576357296505e-01 2.509092869893114752e-02
-9.319589145298087240e-01 3.619427314309137667e-01 2.121416490818608253e-02 2.305172434950357285e+01 -3.619015788009701251e-01 -9.321977478589048571e-01 5.882699053322767990e-03 6.949886731149013031e+01 2.190499691366417853e-02 -2.195005948976457618e-03 9.997576471620989169e-01 5.057115272730661193e-02
-9.308199139821458079e-01 3.649242618478674149e-01 2.011394663066925353e-02 2.081421140470290609e+01 -3.647968938787267135e-01 -9.310354883973279705e-01 9.805384295536073366e-03 6.863133262832310777e+01 2.230502075106612081e-02 1.789541712022143681e-03 9.997496104474133949e-01 8.834575794182886188e-02
-9.066989961315078395e-01 4.215104181587565058e-01 1.502989679764263516e-02 1.748903130623852675e+01 -4.211926834404067788e-01 -9.067421950132451558e-01 2.037928357014960612e-02 6.717518835096483087e+01 2.221832195254667963e-02 1.214739339090247644e-02 9.996793420909622085e-01 1.535417042362929863e-01
-7.603387638088756617e-01 6.495005945482574816e-01 -5.825970395790101841e-03 1.403567578053075238e+01 -6.494026962604537712e-01 -7.599877196054531936e-01 2.635913766717197168e-02 6.465980349271323746e+01 1.269260963102219163e-02 2.382527503228512242e-02 9.996355605571412006e-01 2.124808066588137478e-01
-3.951840256227253656e-01 9.183047787543306972e-01 -2.336491407171163714e-02 1.134736534918199347e+01 -9.185878702659623363e-01 -3.949091623973837173e-01 1.559096067731134683e-02 6.013682948139411621e+01 5.090235049799405297e-03 2.762402525986623267e-02 9.996054235224913764e-01 2.452890600618216066e-01
-2.812734191525814720e-01 9.591590425347908955e-01 -2.998657702974673323e-02 1.397199650594280307e+01 -9.595910878428084434e-01 -2.808525006151644243e-01 1.751619338971251855e-02 6.649865028756944696e+01 8.379010136837289000e-03 3.370169167791902537e-02 9.993968121658046710e-01 1.538307614609651930e-01
-5.746602844979898511e-02 9.983474449595065581e-01 1.863250752756173256e-04 1.299981169190903962e+01 -9.981867072171416444e-01 -5.746012330315179717e-02 1.793409504235386406e-02 5.672701604403287234e+01 1.791516422499472849e-02 8.446140025639050763e-04 9.998391538232425102e-01 2.188325524465275507e-01
-2.854801600270922071e-02 9.995021666035130981e-01 1.343241367714548620e-02 1.272520028469622666e+01 -9.994745975738231758e-01 -2.874839301665631577e-02 1.496859056841901015e-02 4.828661975546658169e+01 1.534729901168859281e-02 -1.299803269132489801e-02 9.997977353241006560e-01 3.140339042550231996e-01
-2.593584711550733085e-02 9.995795067172211779e-01 1.296694202037383670e-02 1.248427647273484986e+01 -9.996131937421780522e-01 -2.606262849903261125e-02 9.705786536156259248e-03 3.904913986801359727e+01 1.003965791075921848e-02 -1.271019853031806618e-02 9.998688194570096721e-01 3.995697554655220918e-01
-4.832289472059020374e-02 9.987792544971819675e-01 1.024200331370762537e-02 1.215382841422813698e+01 -9.987865898620013061e-01 -4.841569318690008145e-02 9.014907934504027068e-03 3.026525909371813583e+01 9.499776716240347987e-03 -9.793949116018533033e-03 9.999069120688454104e-01 4.513348309716257445e-01
1.666954409551477945e-01 9.834038190022389436e-01 -7.162093783651925227e-02 1.215527443756464976e+01 -9.859904209257915886e-01 1.658130154925587518e-01 -1.813653042469743487e-02 2.201667030810519776e+01 -5.959849608019378471e-03 7.364083558107077654e-02 9.972670191716814792e-01 4.539557704880641253e-01
8.216920574381932907e-01 5.695321946367337684e-01 -2.133640117865572006e-02 1.680086182068793477e+01 -5.698909185401691557e-01 8.206093303130885808e-01 -4.271613241560860696e-02 1.683782506070528484e+01 -6.819362758546838009e-03 4.725892799642925080e-02 9.988593945176643674e-01 4.072497791419079638e-01
9.948356545002705609e-01 1.014976913335511460e-01 4.890695037918878349e-04 2.690942650244254253e+01 -1.014988648108675617e-01 9.948225744046169661e-01 5.101558298900816385e-03 1.470150616368891150e+01 3.125900671686959395e-05 -5.124852088706803241e-03 9.999868673707386080e-01 3.215695359524535224e-01
9.992863479850270236e-01 3.751295459580963193e-02 4.424134745039593093e-03 3.608871746545325010e+01 -3.753779346922659493e-02 9.992791128534207479e-01 5.671743677539629359e-03 1.421169505900385310e+01 -4.208181580112585647e-03 -5.833768282575096595e-03 9.999741288430484820e-01 2.176030789990949232e-01
9.994721713363886595e-01 2.999105957006642856e-02 -1.248659561254413138e-02 4.406788567406267987e+01 -2.994535791930862806e-02 9.995441951647553447e-01 3.831116224752605711e-03 1.395614732430723670e+01 1.259580339680451549e-02 -3.455178476984284690e-03 9.999147001012040903e-01 2.461141239853139595e-01
9.994113163718200132e-01 3.338505818697623528e-02 -7.903075211587997848e-03 5.211499202574807299e+01 -3.330164863034962286e-02 9.993906048679848109e-01 1.046035850751761073e-02 1.370908370573177848e+01 8.247478793456143598e-03 -1.019101523192383202e-02 9.999140574579866714e-01 2.963211708683758383e-01
9.987429685943375324e-01 4.989654555679536724e-02 4.776758824848143653e-03 5.972050728360484584e+01 -4.993795317683642765e-02 9.987119341382297844e-01 8.981839588068160282e-03 1.338175931550638076e+01 -4.322443276686120661e-03 -9.209090692157665889e-03 9.999482532275073554e-01 3.059598676287150765e-01
9.977135720381277162e-01 6.717818273114573024e-02 7.397292468369835727e-03 6.590281736061797346e+01 -6.723815411502351291e-02 9.977034144669971738e-01 8.180916336278709622e-03 1.300001874916200961e+01 -6.830724860956880265e-03 -8.659591551435882537e-03 9.999391744861463316e-01 2.938481044184133584e-01
9.964897495864616372e-01 8.344978021162978432e-02 6.656812431176518767e-03 7.201549593301561458e+01 -8.346569182107529961e-02 9.965083343833609497e-01 2.148905146972598587e-03 1.250630182742532526e+01 -6.454243405883700047e-03 -2.696977406683102266e-03 9.999755342281756443e-01 2.416519321203721704e-01
9.958268650022077395e-01 9.125512982384435812e-02 1.164568894591659588e-03 7.589412275182033341e+01 -9.125123995165985991e-02 9.958232525447775485e-01 -3.043172428008168642e-03 1.214550467337653572e+01 -1.437409879419021498e-03 2.924204503003858743e-03 9.999946914263410092e-01 2.327583707836259341e-01
9.941007856431057776e-01 1.016490371832220185e-01 3.782989853919496021e-02 8.319398387117441018e+01 -1.019148360194628705e-01 9.947797429574765093e-01 5.160348882087594305e-03 1.144300579044559818e+01 -3.710787224953402547e-02 -8.985334784130797822e-03 9.992708689719366211e-01 2.105016968655456511e-01
9.947399684316765578e-01 1.022060907259113582e-01 6.805161502564881747e-03 8.341423736185858218e+01 -1.022627678892558678e-01 9.947204340739033146e-01 8.578131466449872775e-03 1.141905371214049403e+01 -5.892495920855618519e-03 -9.228924875324834645e-03 9.999400509217881705e-01 2.138477419168376414e-01
9.947369306589770588e-01 1.024566946738181827e-01 1.031745935548667109e-03 8.340502208182715549e+01 -1.024618431959151282e-01 9.946956141619410774e-01 9.066744503776858616e-03 1.142419990905405136e+01 -9.732448371072844587e-05 -9.124740189022378586e-03 9.999583639554338044e-01 2.114553400895989865e-01
9.948423890468460762e-01 1.014323927860479452e-01 -3.010801597637114942e-04 8.341624281596777735e+01 -1.014254474863847399e-01 9.948013403338623606e-01 9.119861410125322532e-03 1.142114454437587590e+01 1.224564311186978347e-03 -9.042287523091933898e-03 9.999583678726817748e-01 2.111227223692913046e-01
9.948760865635978279e-01 1.008926312501040312e-01 -6.499949486953821541e-03 8.380686948854290108e+01 -1.008302454344918025e-01 9.948601625189930076e-01 9.301539566406591061e-03 1.139065477183920727e+01 7.404997604487774908e-03 -8.598487780761729718e-03 9.999356139363981821e-01 2.138892947200214945e-01
9.946899710601053712e-01 1.019998399323614330e-01 -1.370744783763415409e-02 8.556032615469577252e+01 -1.018287229388631920e-01 9.947214907298056463e-01 1.265176133650247441e-02 1.121646491973068471e+01 1.492557057833811089e-02 -1.118876820960766280e-02 9.998260042671738290e-01 2.197159562317156922e-01
9.946286510467403641e-01 1.031935074204614472e-01 -8.058941816833538330e-03 8.870473168379659512e+01 -1.031303069615848722e-01 9.946364782109481384e-01 7.900379619595899669e-03 1.088536687296576311e+01 8.830985389701418234e-03 -7.026822780440266508e-03 9.999363167015483667e-01 2.384143466789404586e-01
9.945097158449578423e-01 1.046226348059454692e-01 -2.128233127582060142e-03 9.302847630230745324e+01 -1.046257416169867061e-01 9.945106741812574924e-01 -1.404681685879475899e-03 1.041679156078266644e+01 1.969589063486104283e-03 1.619637553583675371e-03 9.999967487412727563e-01 2.349033590935770688e-01
9.944920609318274041e-01 1.047645396077787894e-01 -3.151505091063555326e-03 9.840792224521314324e+01 -1.047654420837509787e-01 9.944969518366171268e-01 -1.221993270801143493e-04 9.843385819594645980e+00 3.121360050518307092e-03 4.516950847268025098e-04 9.999950265291250862e-01 2.174708533061537885e-01
9.943978415491770972e-01 1.057020541832508348e-01 -9.199881070643976051e-05 1.054844703490834519e+02 -1.057020592196278030e-01 9.943978439251993651e-01 -5.170732518933490349e-05 9.097228015344215990e+00 8.601784852128889004e-05 6.114211629793614379e-05 9.999999944312857325e-01 1.628907830688529623e-01
9.946424867047588547e-01 1.033745294714064761e-01 -1.740641870863579674e-04 1.135936632122114105e+02 -1.033746627967406795e-01 9.946400978678314742e-01 -2.180551566244031455e-03 8.242251537739589295e+00 -5.228227206979868199e-05 2.186863058881909159e-03 9.999976074454007824e-01 9.259145757741704674e-02
9.951023939129444162e-01 9.870528862926211677e-02 -5.337754709951543844e-03 1.221481251073131062e+02 -9.868446733509077251e-02 9.951106006323288122e-01 4.033412445724935368e-03 7.388271011877805883e+00 5.709775435064005922e-03 -3.486904900062246394e-03 9.999776197289114155e-01 1.210638919966093852e-01
9.960230458738101866e-01 8.909401901050056916e-02 -5.898006584786103131e-04 1.308106819971702350e+02 -8.909281794259706067e-02 9.960216655162706934e-01 1.819783845259701372e-03 6.573992176415247357e+00 7.495860906849835048e-04 -1.759999645699306028e-03 9.999981702592960486e-01 1.123464784731206256e-01
9.967516834601095610e-01 7.999313892679647819e-02 -9.336982600292059731e-03 1.383805722532228515e+02 -7.995689587126887654e-02 9.967895028391706713e-01 4.193069552527612862e-03 5.938559266234041623e+00 9.642423039408104177e-03 -3.432892989823863386e-03 9.999476180898926314e-01 1.309751401002910987e-01
9.349184361422689937e-01 -3.533395430722622854e-01 3.284334122438210823e-02 1.474707929300733724e+02 3.546606527864631930e-01 9.334981931415964329e-01 -5.288614909838625089e-02 6.722987021932064877e+00 -1.197243193241830615e-02 6.109247664697790847e-02 9.980603038748522282e-01 1.506206303375904332e-01
8.303340502865621531e-01 -5.572291480385554996e-01 6.406364877280750977e-03 1.472385108964372762e+02 5.572172167388915742e-01 8.300544685111713727e-01 -2.277175167619221660e-02 8.987371247409985386e+00 7.371451992570147820e-03 2.247789760774460827e-02 9.997201637531661911e-01 1.391743019724679398e-01
6.584436908022357482e-01 -7.526228509721566429e-01 -3.278755446040915959e-03 1.526990704349441330e+02 7.526247741719442885e-01 6.584491001405098354e-01 -8.554687515290513005e-04 1.449429524170251504e+01 2.802738903719755210e-03 -1.904394575018790404e-03 9.999942589514904112e-01 1.555057599038572880e-01
5.791650246014776737e-01 -8.151129492444432190e-01 1.259977191848921964e-02 1.579542984511838881e+02 8.152047937907775932e-01 5.791488510434465997e-01 -5.268065640590439795e-03 2.134675045948136685e+01 -3.003074908887576853e-03 1.332247383495758532e-02 9.999067422675019801e-01 1.400183856302662511e-01
4.842901902824406912e-01 -8.748308044024653007e-01 1.157908738784847215e-02 1.626071233413238417e+02 8.749056819693237230e-01 4.842203495857915763e-01 -8.408371115054016215e-03 2.888897249382379329e+01 1.749072323468681914e-03 1.420270099492284416e-02 9.998976067730417361e-01 1.185311863277832556e-01
2.979279562177374885e-01 -9.544698056542573195e-01 1.504403530469757694e-02 1.662021546889319552e+02 9.545339529256405831e-01 2.977057232539672693e-01 -1.536993994736457134e-02 3.760236135851214101e+01 1.019144818343538372e-02 1.893917728305355083e-02 9.997686942227016482e-01 1.734077004748094675e-01
9.323465284980815559e-02 -9.955202390176669525e-01 1.570838038072366882e-02 1.677004951580290992e+02 9.956276140844675382e-01 9.313053376717145282e-02 -7.235865719768656314e-03 4.607127506439823605e+01 5.740520921369222061e-03 1.631433070804162722e-02 9.998504333314560677e-01 2.141295613874197867e-01
-1.437855660282988945e-01 -9.894406721508655078e-01 1.824465114952630168e-02 1.672379552891137564e+02 9.895458467131666991e-01 -1.439600339724955436e-01 -8.632836808495162814e-03 5.451101864688573073e+01 1.116818045366826766e-02 1.681264144280495559e-02 9.997962826661592750e-01 2.588213854847580819e-01
-3.915899832149899451e-01 -9.200598372300817784e-01 1.213181609825939901e-02 1.647611677584295933e+02 9.200261732787620161e-01 -3.917148000051882684e-01 -1.055253234701681447e-02 6.230347209143756260e+01 1.446117311019081732e-02 7.029322375159363818e-03 9.998707231933655626e-01 3.910035818271325736e-01
-6.148372325432233110e-01 -7.885161847526421797e-01 1.474462145089047889e-02 1.603639528014502957e+02 7.886127472736763622e-01 -6.148888809060439886e-01 1.264506061606491486e-03 6.926393457568082113e+01 8.069220288026734619e-03 1.240526183734941799e-02 9.998904925854085191e-01 4.103539087636679517e-01
-7.376416296577021914e-01 -6.751904536450500371e-01 1.636307588278910216e-03 1.541660266721007417e+02 6.751693279209421972e-01 -7.375941674535789749e-01 1.006095289956574802e-02 7.549000532173879208e+01 -5.586128419084707142e-03 8.526162387395312334e-03 9.999480485126365226e-01 4.125551381698270292e-01
-7.837453388874856541e-01 -6.210714448480492145e-01 3.674801559219866703e-03 1.473089880036649220e+02 6.209707649515106009e-01 -7.837029909468199440e-01 -1.431541325100136285e-02 8.104463935147857967e+01 1.177084736449295586e-02 -8.937694074446623713e-03 9.998907764235823725e-01 4.478965088512906201e-01
-7.862068457307203051e-01 -6.178470774199166238e-01 1.199102371867608735e-02 1.406441673898918623e+02 6.178418086428522082e-01 -7.862890709875269835e-01 -4.582176175537027926e-03 8.629642943855020576e+01 1.225949505822592628e-02 3.806017504274799516e-03 9.999176061114612990e-01 5.099382413840293227e-01
-7.827161674810124703e-01 -6.223126218121750597e-01 9.077549068732817042e-03 1.338664646087831613e+02 6.220481993255208009e-01 -7.826925010091470014e-01 -2.117750173949004694e-02 9.163093146374299636e+01 2.028395621457365627e-02 -1.092929994586173612e-02 9.997345205218131081e-01 5.832840113731430076e-01
-7.684747179234707737e-01 -6.398795877516360031e-01 8.491709140830705233e-04 1.271574137751069316e+02 6.398633091666342532e-01 -7.684634429711487691e-01 -6.235575294627553403e-03 9.713613521438631437e+01 4.642574153227799379e-03 -4.248528654496157471e-03 9.999801980586938699e-01 6.277098636812031840e-01
-7.483891980636474539e-01 -6.632420097599461828e-01 -4.862582774729803589e-03 1.215108384056962194e+02 6.632588221754961433e-01 -7.483551332261438871e-01 -7.233904924499591667e-03 1.020437253953497247e+02 1.158890860331412975e-03 -8.638927229212988237e-03 9.999620122326163818e-01 5.908971814714772952e-01
-7.421009013750167194e-01 -6.702867450536335037e-01 -1.389814302734666829e-03 1.149042635312004847e+02 6.702258606079687375e-01 -7.420020287016515503e-01 -1.517514991503355996e-02 1.079919554641884645e+02 9.140456810101060814e-03 -1.219298191758293355e-02 9.998838848792700462e-01 6.407676019514888521e-01
-7.402116970316647837e-01 -6.723738048500687015e-01 -3.318568181351339691e-04 1.080308402663265923e+02 6.723596340307546049e-01 -7.401927025305174990e-01 -6.876455962260672253e-03 1.142357604531113253e+02 4.377910864160523136e-03 -5.313160266180360670e-03 9.999763018314246077e-01 6.711040736084709080e-01
-7.366037369902578291e-01 -6.762949176927609551e-01 -6.333952552067387796e-03 1.015516505975028139e+02 6.762776674990628178e-01 -7.366306462642768782e-01 4.879285429565634498e-03 1.201201707865982087e+02 -7.965619499824220379e-03 -6.894107767016482025e-04 9.999680362985439164e-01 6.759596077981850915e-01
-7.370081734119304784e-01 -6.758564804012568983e-01 6.080314435833540990e-03 9.650656037396946374e+01 6.758503397149162595e-01 -7.370313868761182441e-01 -3.324615271088615914e-03 1.247491694723495925e+02 6.728345357091487615e-03 1.659113948789229945e-03 9.999759880665445300e-01 6.976160688027525092e-01
-7.369855372163457430e-01 -6.759064226485009819e-01 -1.680998644754063461e-03 9.199665989643725084e+01 6.758880630286011604e-01 -7.369416140722607755e-01 -9.611644189181747441e-03 1.288488723618485210e+02 5.257774185161734684e-03 -8.219809674252927592e-03 9.999523941366100788e-01 7.217217249215676089e-01
-7.388417151135489025e-01 -6.738422507259280714e-01 7.038547058041367752e-03 8.820203941708011541e+01 6.737525321143054136e-01 -7.388651034998053868e-01 -1.165694212845840017e-02 1.322918076985875473e+02 1.305547692095026038e-02 -3.870396212408452278e-03 9.999072829795405681e-01 7.807619197389654708e-01
-7.441346565901374444e-01 -6.677486133418856218e-01 1.937529977756049029e-02 8.490723871067221751e+01 6.677063555831653785e-01 -7.443638572535669073e-01 -9.522117854844429699e-03 1.352848674000841243e+02 2.078065387151944304e-02 5.851272902880802484e-03 9.997669363557136757e-01 8.328384671430791864e-01
-8.108838949354675307e-01 -5.847477490749236617e-01 2.318143408202222658e-02 8.121499214035978298e+01 5.849863745056013142e-01 -8.110296755496165799e-01 4.669798783533687762e-03 1.382209001082016755e+02 1.607017663501314475e-02 1.734748770563948952e-02 9.997203679495700879e-01 8.925959166748607121e-01
-9.704024375162478844e-01 -2.408000566548276211e-01 1.828775485289902206e-02 7.565934534315039173e+01 2.412673650341630172e-01 -9.699862913075373294e-01 3.027628188737645221e-02 1.403947014528072543e+02 1.044834111232716134e-02 3.379241616818878108e-02 9.993742566113648085e-01 9.113164343626862784e-01
-9.696690661966568259e-01 -2.440079998657635474e-01 1.421260225349899563e-02 7.435581809527019459e+01 2.443624071981695678e-01 -9.690733415565259135e-01 3.440745025117839667e-02 1.442460980081545188e+02 5.377360841741291551e-03 3.683686585448319589e-02 9.993068244059969407e-01 8.893194230878184170e-01
-9.719497394149173575e-01 -2.350454611816003292e-01 8.205804604433573207e-03 8.004324854540985257e+01 2.349848009773111424e-01 -9.719683924324272750e-01 -7.719288955527141283e-03 1.422381576767645868e+02 9.790166542531824473e-03 -5.574521526961482946e-03 9.999365366606105532e-01 8.451717410448200685e-01
-9.820000406812982030e-01 -1.887790730352851554e-01 6.195295462689026818e-03 7.176198382299489253e+01 1.886098762264205864e-01 -9.818202179420187914e-01 -2.133949929457940389e-02 1.439213215171216973e+02 1.011111723726036520e-02 -1.978689526499155527e-02 9.997530915601052781e-01 9.662083187734112899e-01
-9.827372587807282622e-01 -1.847538307938128288e-01 9.669654138282315903e-03 6.301393582300845964e+01 1.846974522688822895e-01 -9.827743381925284627e-01 -6.438269614108548672e-03 1.455672348427655152e+02 1.069258292119100624e-02 -4.541166948198249211e-03 9.999325209599013720e-01 1.021168117170558443e+00
-9.819281231047736203e-01 -1.892112956197065654e-01 4.030715302733509954e-03 5.457445742380653542e+01 1.891286346678593966e-01 -9.818297071491314254e-01 -1.551727128475098756e-02 1.471500235264207106e+02 6.893519029554578265e-03 -1.447452138640223547e-02 9.998714755537460031e-01 1.101149735457089829e+00
-9.780621192050703572e-01 -2.080760045436557126e-01 9.943204173622141595e-03 4.633617167777852330e+01 2.079981030168811806e-01 -9.780937954764453712e-01 -8.325646633307643221e-03 1.488366533778054759e+02 1.145775359607630745e-02 -6.074831983902443180e-03 9.999159046134331597e-01 1.150941763105642668e+00
-9.718396296749530761e-01 -2.356394085094251356e-01 -1.342888893943806764e-03 3.820930846158878325e+01 2.356418813196849149e-01 -9.717989493991278094e-01 -8.927805714347118379e-03 1.507239701517820833e+02 7.987248415214940949e-04 -8.992836264613206926e-03 9.999592446367735477e-01 1.114949476788828164e+00
-9.684641299925716984e-01 -2.491530224994986664e-01 1.723655045969838399e-05 3.120349875718542165e+01 2.491349399835247336e-01 -9.683946716380810171e-01 -1.198088570936350558e-02 1.524705078835134202e+02 3.001765670331576694e-03 -1.159876382809480085e-02 9.999282264645407148e-01 1.130605737161151314e+00
-9.671057761844108480e-01 -2.543448484039119717e-01 -3.887899322581125222e-03 2.352289781036306593e+01 2.543728355715973444e-01 -9.670425541169801464e-01 -1.109770472552221859e-02 1.544922574144652572e+02 -9.371200650141781226e-04 -1.172163031754335991e-02 9.999308602041863114e-01 1.169846153880490069e+00
-9.665218039805097971e-01 -2.564255782324522670e-01 -9.029133868588258560e-03 1.760059324233333555e+01 2.565248124303827759e-01 -9.664574596637436343e-01 -1.244987019460792876e-02 1.560723469434759636e+02 -5.533808618028334542e-03 -1.434926787186398614e-02 9.998817307430525325e-01 1.156664677566969335e+00
-9.665843026102474145e-01 -2.558518156752278561e-01 1.595726678207819160e-02 1.532859467889714722e+01 2.555117420451544774e-01 -9.665859220581008993e-01 -2.062534741873302269e-02 1.566696074024984284e+02 2.070110201209735684e-02 -1.585886801706197502e-02 9.996599225140037071e-01 1.156254688086422622e+00
-9.664252631713595720e-01 -2.569452506040193485e-01 -1.161419910952391768e-03 1.531042470163347957e+01 2.569316193016597527e-01 -9.663034051375094524e-01 -1.561640876396276113e-02 1.566857570759019893e+02 2.890278048643434797e-03 -1.539049744791435095e-02 9.998773819229579418e-01 1.157858680580797106e+00
-9.664527857254349152e-01 -2.568402794756995955e-01 1.443538151335928450e-03 1.533844254053037304e+01 2.567827031030346374e-01 -9.663287302891527819e-01 -1.647508436562536080e-02 1.566746866893520576e+02 5.626397661757357241e-03 -1.555171555168771876e-02 9.998632345439812941e-01 1.156188179288672346e+00
-9.667035590688544122e-01 -2.558921993897063651e-01 1.846936683266945170e-03 1.534055804826680180e+01 2.558234924437890467e-01 -9.665688171816309016e-01 -1.729341973027267651e-02 1.566804384845196978e+02 6.210442615103524584e-03 -1.624512060909016897e-02 9.998487517914507183e-01 1.155279985634456219e+00
-9.666282718623598891e-01 -2.561789864588783772e-01 1.452905121771222224e-03 1.532200245843710995e+01 2.561180979693605808e-01 -9.664951974585122008e-01 -1.704562061617600002e-02 1.566814102958098260e+02 5.770955635569300669e-03 -1.610466350271755331e-02 9.998536572341565343e-01 1.154241402733399591e+00
-9.664639580384729589e-01 -2.567975954279946293e-01 1.553317421630284094e-03 1.531486204868932965e+01 2.567374149224484481e-01 -9.663380721229620773e-01 -1.663220203753308646e-02 1.566904191904216646e+02 5.772139252524318212e-03 -1.567562911270633727e-02 9.998604687957075576e-01 1.154333157914009700e+00
-9.663271404807828313e-01 -2.573107575615248832e-01 1.741152879807239800e-03 1.533470283103169152e+01 2.572496018899056991e-01 -9.662076947526074822e-01 -1.628904319899526082e-02 1.567065139067102564e+02 5.873661355696302780e-03 -1.529263365049307946e-02 9.998658087255070104e-01 1.152003780813467548e+00
-9.664513825603759933e-01 -2.568440430165770394e-01 1.691955684842193566e-03 1.534563139695409184e+01 2.567821696613830640e-01 -9.663275895645199176e-01 -1.655013566164928104e-02 1.567154081075973977e+02 5.885787214394387623e-03 -1.556043744003796254e-02 9.998616055712626904e-01 1.150984284144156433e+00
-9.664305939651706145e-01 -2.569207901021379192e-01 1.901226294656700950e-03 1.534414528636204622e+01 2.568561062557869756e-01 -9.663092040384428927e-01 -1.647613030138645948e-02 1.567104185169499715e+02 6.070232882344670476e-03 -1.543469481025974699e-02 9.998624517746778073e-01 1.149673312689047044e+00
-9.657446559410988174e-01 -2.594862233796281226e-01 2.039460072941061061e-03 1.534244490944880823e+01 2.594205621487031266e-01 -9.656279130586347126e-01 -1.623901032939217143e-02 1.567460173056206543e+02 6.183159035797242478e-03 -1.515365956478051043e-02 9.998660586029183284e-01 1.149809605308606208e+00
-9.656611695140698837e-01 -2.597980899786207498e-01 1.859606458965174436e-03 1.533522969646643652e+01 2.597293843141392222e-01 -9.655287204384570554e-01 -1.717372796673998642e-02 1.567415737710744850e+02 6.257205168415213258e-03 -1.610100779262492107e-02 9.998507913341591058e-01 1.147252983123024261e+00
-9.657715892760930787e-01 -2.593875254573518863e-01 1.830023017332683966e-03 1.535207111880821707e+01 2.593247194448031756e-01 -9.656527103545514690e-01 -1.629517934189914086e-02 1.567439247693667141e+02 5.993932933077507179e-03 -1.526285104501748195e-02 9.998655500345901004e-01 1.147225953483964389e+00
-9.660410052829033756e-01 -2.583807413429354272e-01 2.041718657219687184e-03 1.534748189637988958e+01 2.583189621373072065e-01 -9.659334345291870072e-01 -1.561774180075203335e-02 1.567482098709202205e+02 6.007488019491402480e-03 -1.455996434493787330e-02 9.998759510689172458e-01 1.146541529973362561e+00
-9.659778569351301636e-01 -2.586108754115570840e-01 2.682355286751336634e-03 1.532277898007353656e+01 2.585453309656255971e-01 -9.658862186006081929e-01 -1.476904036472907571e-02 1.567489574529981837e+02 6.410284462574814858e-03 -1.357305552512882638e-02 9.998873338615820172e-01 1.149750383279813271e+00
-9.663009282770316233e-01 -2.574031887327398738e-01 2.472739607753640656e-03 1.533145624722556377e+01 2.573441290986261398e-01 -9.662155708044632973e-01 -1.419401118347047783e-02 1.567457700091731283e+02 6.042783251089970352e-03 -1.307934116171697095e-02 9.998962024157097561e-01 1.149746500475992583e+00
-9.661000262459968901e-01 -2.581533104305669957e-01 2.758188033241827219e-03 1.533727639954563848e+01 2.580918037282453614e-01 -9.660192264223873559e-01 -1.398123852149358096e-02 1.567473990127126342e+02 6.273765678442697578e-03 -1.279540917804536555e-02 9.998984535282473551e-01 1.149362848097333689e+00
-9.659871627643011882e-01 -2.585806732177362566e-01 2.199275526380883427e-03 1.532921702770967087e+01 2.585268954010940257e-01 -9.659043237399063120e-01 -1.388098464907366880e-02 1.567469314238561822e+02 5.713644095509193797e-03 -1.284028110356655490e-02 9.999012358489880459e-01 1.149553139385772971e+00
-9.658637268272023402e-01 -2.590396009656921739e-01 2.397150601310699385e-03 1.533628081126829912e+01 2.589835449890423025e-01 -9.657827046751461531e-01 -1.383079084036177402e-02 1.567518018639067066e+02 5.897849131574773793e-03 -1.273783662543922016e-02 9.999014765934327587e-01 1.147734167771101710e+00
-9.657293234018855532e-01 -2.595387544069460151e-01 2.551251189190729095e-03 1.532295938230566357e+01 2.594770799084833435e-01 -9.656415920646553852e-01 -1.442084175788651418e-02 1.567595183804633336e+02 6.206361567428530027e-03 -1.326463854504506511e-02 9.998927594699174026e-01 1.146331683340660268e+00
-9.655173927694592484e-01 -2.603262767934831357e-01 2.528610391403008674e-03 1.533479126065024190e+01 2.602603831048034833e-01 -9.654199451547170741e-01 -1.512820159853160880e-02 1.567582417123814764e+02 6.379439302112903040e-03 -1.394844465551558881e-02 9.998823649039346728e-01 1.146036904246978239e+00
-9.659121383729609711e-01 -2.588582903673998792e-01 2.475167033562398859e-03 1.531549428889373132e+01 2.587887199834200125e-01 -9.658040247854563498e-01 -1.584247826442031909e-02 1.567523665543321556e+02 6.491483121741387953e-03 -1.466189674915253059e-02 9.998714364510068453e-01 1.144548482247547794e+00
-9.659681169026534953e-01 -2.586516054251972174e-01 2.223541884666554308e-03 1.529896373493981088e+01 2.585857264419494372e-01 -9.658583165526130054e-01 -1.584722141713203886e-02 1.567369869985518562e+02 6.246535682578041072e-03 -1.473293443692575040e-02 9.998719525193443536e-01 1.145786910845895346e+00
-9.663134421496252235e-01 -2.573626985012566482e-01 1.665215030314318601e-03 1.532422426424832729e+01 2.572998648114995235e-01 -9.661860436443741040e-01 -1.677225789265143416e-02 1.567228845784999294e+02 5.925461073168319416e-03 -1.577879865468719348e-02 9.998579491228180016e-01 1.144443834183520803e+00
-9.662236915379386337e-01 -2.577004871278161247e-01 1.495608534152361281e-03 1.529738141088960113e+01 2.576407595827967523e-01 -9.660966144856979465e-01 -1.669043081750189519e-02 1.567247332396756292e+02 5.746034493483874982e-03 -1.574135995906764465e-02 9.998595864791421928e-01 1.144814116159724948e+00
-9.661472165849671612e-01 -2.579883435007069292e-01 1.253197065257273275e-03 1.528398683290127735e+01 2.579322842283448547e-01 -9.660184566577587617e-01 -1.671161719618345295e-02 1.567373191873435587e+02 5.522013932529169430e-03 -1.582264245709596659e-02 9.998595658130227104e-01 1.143299652447610670e+00
-9.662443069671698970e-01 -2.576249476665563587e-01 1.151344144925506383e-03 1.529707708910396846e+01 2.575688922115016988e-01 -9.661101091070617430e-01 -1.701537087702298390e-02 1.567293619148087771e+02 5.495909249193860202e-03 -1.614445480489569776e-02 9.998545652046499921e-01 1.142828912086557347e+00
-9.661915463513282010e-01 -2.578205225167402026e-01 1.572872667052203086e-03 1.529988900430788767e+01 2.577634368164654632e-01 -9.660753191286628461e-01 -1.601525557141298545e-02 1.567347829100645527e+02 5.648575023432048266e-03 -1.506837548142109934e-02 9.998705104465066551e-01 1.140754571681730001e+00
-9.664284450735358689e-01 -2.569291029142166116e-01 1.869927390608208716e-03 1.534949867159879666e+01 2.568675424281353092e-01 -9.663135887031057969e-01 -1.603477267242965978e-02 1.567098870965888580e+02 5.926736005593609934e-03 -1.501613676757915239e-02 9.998696862276102992e-01 1.138770315424601165e+00
-9.661825379347146470e-01 -2.578516773925073613e-01 1.953421589593918716e-03 1.532955506364395504e+01 2.577908154425276321e-01 -9.660733495641538049e-01 -1.569008398238829621e-02 1.567224094709165456e+02 5.932863011458074098e-03 -1.465591101802819936e-02 9.998749948912221130e-01 1.138645193142235890e+00
-9.663184795548778183e-01 -2.572718579413918460e-01 6.307708152417807086e-03 1.476592454401006016e+01 2.571348908053895932e-01 -9.662238243274294813e-01 -1.712218539142996640e-02 1.568798775492800246e+02 1.049971434144058788e-02 -1.492355230709904203e-02 9.998335079328398711e-01 1.141059498578397946e+00
-9.660701273676762790e-01 -2.581559486080690080e-01 8.000950323076483697e-03 1.297593691728948428e+01 2.579757129930426163e-01 -9.659722567842011776e-01 -1.860458623485377119e-02 1.573577334421914884e+02 1.253158064791977735e-02 -1.590928412931044353e-02 9.997949060507161922e-01 1.151528978796996228e+00
-9.666800323618038870e-01 -2.558452031756264233e-01 8.540904226520078940e-03 1.023113932159290407e+01 2.556401995575039443e-01 -9.665681577926341639e-01 -1.985156697982582569e-02 1.581087053871241324e+02 1.333429425141893429e-02 -1.700671494962133906e-02 9.997664568505195692e-01 1.170040416159619623e+00
-9.663484137545074182e-01 -2.570382398214007269e-01 1.010378660035862047e-02 6.021535946852830889e+00 2.568313819015818344e-01 -9.662852627130880112e-01 -1.817779783207570943e-02 1.591964127802588393e+02 1.443552924811052594e-02 -1.497111662556761293e-02 9.997837171920302968e-01 1.199555879760524801e+00
-9.501662315824885852e-01 -3.116983965751194408e-01 5.314313957048544777e-03 1.065364534101229221e+00 3.113830062755722494e-01 -9.497487688017925977e-01 -3.190453827071329518e-02 1.606433209872108705e+02 1.499185656018390579e-02 -2.865982784282484694e-02 9.994767923793436148e-01 1.242512566402742547e+00
-8.117656226981284640e-01 -5.839232780562834124e-01 -8.377299655966508052e-03 -4.823254806826645869e+00 5.836223350422767853e-01 -8.106759522536944873e-01 -4.679177788209936545e-02 1.638824238899750867e+02 2.053153295108173931e-02 -4.287313589617886694e-02 9.988695362123671817e-01 1.281062247812988941e+00
-4.678368918984380787e-01 -8.837008929331998663e-01 -1.419064508315833265e-02 -1.012010551098349254e+01 8.837111929992710335e-01 -4.674758647483790996e-01 -2.282199039439280694e-02 1.707980400990085741e+02 1.353402920845100943e-02 -2.321740094891578191e-02 9.996388259499353612e-01 1.400988020723489269e+00
-4.972378396202199041e-02 -9.987547502670780508e-01 4.061296276658430369e-03 -1.173189177820068529e+01 9.981226565025097530e-01 -4.954590506260274363e-02 3.600508114005592647e-02 1.788468855889029498e+02 -3.575902522262807554e-02 5.843980704645300797e-03 9.993433544106121724e-01 1.492724542559811685e+00
-1.228266835577153208e-02 -9.998520443576872641e-01 1.204265136162433435e-02 -1.170605850970122930e+01 9.995734260318843711e-01 -1.259660938581509508e-02 -2.634940991490307069e-02 1.797285506830804991e+02 2.649720794620641362e-02 1.171387321669135895e-02 9.995802534790900751e-01 1.507260505392168604e+00
-1.302538494533526069e-02 -9.998308680161424045e-01 1.298363235444734316e-02 -1.169321713656016648e+01 9.997561765489065833e-01 -1.325375990238536646e-02 -1.766140710030950772e-02 1.797209789559533988e+02 1.783050193737552649e-02 1.275042001424116569e-02 9.997597211280943030e-01 1.510643874942984688e+00
-1.353289679512452610e-02 -9.998288687478806835e-01 1.261324393913133834e-02 -1.169695228838734735e+01 9.997776153924810005e-01 -1.373408681383142364e-02 -1.600295658669546525e-02 1.796850027997853658e+02 1.617344936796116101e-02 1.239387258792380708e-02 9.997923841767447639e-01 1.509009359301201947e+00
-1.335864132118477939e-02 -9.998301440568896359e-01 1.269762722848851236e-02 -1.169567966392571634e+01 9.997833587389781673e-01 -1.355857657952948790e-02 -1.579242190881327210e-02 1.796855980691495915e+02 1.596190122325165731e-02 1.248391109864111122e-02 9.997946637550251259e-01 1.507835751163426607e+00
-1.312413312584356090e-02 -9.998251347288982238e-01 1.332130226509660453e-02 -1.170220476238919716e+01 9.997876072547150494e-01 -1.333302546662213511e-02 -1.571530501770489890e-02 1.796895790244376485e+02 1.589017021898155371e-02 1.311222316197217450e-02 9.997877635249221573e-01 1.507752276458248941e+00
-1.350672987948343430e-02 -9.998190096578480901e-01 1.339836463023588893e-02 -1.170275415186531554e+01 9.997859361667903455e-01 -1.371389199223001579e-02 -1.549228871153326970e-02 1.796887452461904218e+02 1.567322848231014060e-02 1.318624636610276832e-02 9.997902144028600890e-01 1.505925480607695155e+00
-1.371359166150297286e-02 -9.998145752186738955e-01 1.351860140865769264e-02 -1.171271203446864284e+01 9.997733465511281503e-01 -1.393070799121962078e-02 -1.609940684692327123e-02 1.796865204497928801e+02 1.628474530660282277e-02 1.329475667953340309e-02 9.997790038379152922e-01 1.507484433157291859e+00
-1.325655646811716923e-02 -9.998222285480582450e-01 1.340802042822061835e-02 -1.172103966758689531e+01 9.997839419147266371e-01 -1.346837092781116504e-02 -1.583263951471150163e-02 1.796631717389348069e+02 1.601040911593176741e-02 1.319523723723349182e-02 9.997847530914825143e-01 1.507678025071218286e+00
-1.395425433363854141e-02 -9.998184944032739718e-01 1.297139295389078753e-02 -1.171939617815687740e+01 9.997797767673979319e-01 -1.415471992748204219e-02 -1.549328469718523615e-02 1.796818958272899067e+02 1.567407901363258860e-02 1.275233911667515360e-02 9.997958297043105791e-01 1.506245479007404020e+00
-1.372859360804933732e-02 -9.998222747791561948e-01 1.292070326957319056e-02 -1.171769534865401319e+01 9.997792574220588646e-01 -1.393125041799861234e-02 -1.572757738461544319e-02 1.796679769243077658e+02 1.590478375027642305e-02 1.270193360187213578e-02 9.997928279081790270e-01 1.506311659950959392e+00
-1.396766283884065540e-02 -9.998168480371810718e-01 1.308337784437033080e-02 -1.172102415888492644e+01 9.997786385889226857e-01 -1.417063988599941843e-02 -1.555206695276106256e-02 1.796467433262345139e+02 1.573461839709773200e-02 1.286325566174581492e-02 9.997934578890189661e-01 1.506761961182307541e+00
-1.349477550392961037e-02 -9.998237208139315602e-01 1.305443724890850525e-02 -1.172501963753918908e+01 9.997851015631277205e-01 -1.369742451769220479e-02 -1.556056727725443900e-02 1.796646037481544056e+02 1.573663644195784014e-02 1.284164550862914103e-02 9.997937039280291316e-01 1.505856338703998265e+00
-1.396350167192872589e-02 -9.998198889089107144e-01 1.285341834817237822e-02 -1.173483076077570075e+01 9.997753655347267898e-01 -1.416555873339494544e-02 -1.576564035094235594e-02 1.796551159891954796e+02 1.594487663679288250e-02 1.263038748201540835e-02 9.997930957058539514e-01 1.505517504768789649e+00
-1.367271725859150328e-02 -9.998211877148407423e-01 1.306328439763044386e-02 -1.172919523583248491e+01 9.997757934804020197e-01 -1.388101578903809530e-02 -1.599000222946432917e-02 1.796470332566484274e+02 1.616847467760610529e-02 1.284172874465343284e-02 9.997868124902686837e-01 1.505117562083444049e+00
-1.399925984829609657e-02 -9.998164268305256286e-01 1.308179511923665203e-02 -1.172276840577758250e+01 9.997646888882755212e-01 -1.421295612405127674e-02 -1.638776160269324669e-02 1.796557049662921202e+02 1.657068422940871297e-02 1.284930029447577463e-02 9.997801297816010235e-01 1.503601413920545582e+00
-1.418960861016147802e-02 -9.998342352534518307e-01 1.140863807110686565e-02 -1.171807392311192508e+01 9.997728167946103861e-01 -1.436838103710661070e-02 -1.574371064724977912e-02 1.796196080168997469e+02 1.590502455396463830e-02 1.118264912798464829e-02 9.998109714103068368e-01 1.502951441218934647e+00
-1.468627146828714591e-02 -9.998272139452906160e-01 1.139542385169162869e-02 -1.170546690861698202e+01 9.997780424396340848e-01 -1.485581368441953737e-02 -1.493889739399896152e-02 1.796336370743790951e+02 1.510560445445219106e-02 1.117349784864902877e-02 9.998234712487475973e-01 1.501956278825247182e+00
-1.401192154616740480e-02 -9.998435375004485204e-01 1.079660007479902629e-02 -1.170595509551108648e+01 9.997922635027763905e-01 -1.416941087752400519e-02 -1.465119911066670513e-02 1.796323492836202718e+02 1.480188820997248300e-02 1.058906577442163613e-02 9.998343741797678375e-01 1.501375954743799923e+00
-1.459048193164167243e-02 -9.998365974554901392e-01 1.067221746558343065e-02 -1.170841791106422924e+01 9.997907031917105947e-01 -1.474123423693572167e-02 -1.418611379478257849e-02 1.796406389252284157e+02 1.434111740517940957e-02 1.046300156752753667e-02 9.998424165586157208e-01 1.500538865195264915e+00
-1.417810712355453175e-02 -9.998360508120910373e-01 1.126289371684831460e-02 -1.171749841255885372e+01 9.997987214009553814e-01 -1.433568784625809805e-02 -1.403583766618754849e-02 1.796068311610389685e+02 1.419499783057079703e-02 1.106162512737977888e-02 9.998380581304829873e-01 1.498137059337368626e+00
-1.431280913091543573e-02 -9.998436734781587232e-01 1.038133423435570572e-02 -1.169705373913240187e+01 9.997969676446600840e-01 -1.445786987699296255e-02 -1.403543683554870844e-02 1.796466916796637747e+02 1.418333470403549366e-02 1.017833995911831581e-02 9.998476055941492024e-01 1.501040792290263992e+00
-1.394497853273850632e-02 -9.998469547648727307e-01 1.056430883372204942e-02 -1.168272195763059074e+01 9.998148148963914572e-01 -1.408310196063886424e-02 -1.311495912546831004e-02 1.796588577065774928e+02 1.326173018191417578e-02 1.037946465763373710e-02 9.998581865574769356e-01 1.501673849517673132e+00
-1.446626010035184130e-02 -9.998446359629620250e-01 1.007130849507956692e-02 -1.167571053162903105e+01 9.998053786153444644e-01 -1.459934813867611904e-02 -1.326890823524590375e-02 1.796217001540602496e+02 1.341388126302698637e-02 9.877396925296206068e-03 9.998612427829397520e-01 1.501367340513304782e+00
-1.423549914514460162e-02 -9.998632680925307881e-01 8.414017079522551068e-03 -1.167871759337766946e+01 9.998125887974944614e-01 -1.434418502107414999e-02 -1.300121679441691019e-02 1.796144109625752492e+02 1.312013133100426235e-02 8.227361387901026279e-03 9.998800791487214568e-01 1.502448548560068708e+00
-1.413158806842892620e-02 -9.998647174428885176e-01 8.416949062404692483e-03 -1.167950246622464228e+01 9.998152224580861835e-01 -1.423959433941285151e-02 -1.291336107055411631e-02 1.796050501848729368e+02 1.303146805827165230e-02 8.232907500018583208e-03 9.998811929796188602e-01 1.502675397218142361e+00
-1.389859253907765185e-02 -9.998701219451905375e-01 8.158943972389412144e-03 -1.167407939079203594e+01 9.998225724610623200e-01 -1.400076131963185269e-02 -1.260167765880142524e-02 1.796201487508972434e+02 1.271427240459735777e-02 7.982350767951595580e-03 9.998873083270146678e-01 1.502436434637348217e+00
-1.436199682976409785e-02 -9.998618503674191471e-01 8.367390686758343493e-03 -1.166913234777729613e+01 9.998206843120239773e-01 -1.446369394374015689e-02 -1.222296115266437860e-02 1.796212784892659897e+02 1.234229593307298138e-02 8.190344153015902476e-03 9.998902869784060954e-01 1.503476337066838031e+00
-1.403757923506529677e-02 -9.998654697093161126e-01 8.484624457815236748e-03 -1.166491436209004817e+01 9.998215210949099596e-01 -1.414325278472253027e-02 -1.252574772737224604e-02 1.795893792700808831e+02 1.264406282337968840e-02 8.307278955130493331e-03 9.998855518466520653e-01 1.502116567872861408e+00
-1.334427719175998971e-02 -9.998769949653376621e-01 8.241674909752886788e-03 -1.167219994199932387e+01 9.998221440068283394e-01 -1.345249551737875623e-02 -1.321781819915632608e-02 1.796021212263270286e+02 1.332706343574964133e-02 8.063826848556597884e-03 9.998786746784531498e-01 1.502989918119726598e+00
-1.347415727051189983e-02 -9.998704402970354232e-01 8.806231093073194419e-03 -1.168112893897056637e+01 9.998172268007616825e-01 -1.359185737924318085e-02 -1.344523727638684968e-02 1.795721752004454288e+02 1.356318835250465947e-02 8.623458308441711920e-03 9.998708296017645436e-01 1.499749090482027647e+00
-1.342757838529266660e-02 -9.998744717741046006e-01 8.410756991189488260e-03 -1.166707372726358827e+01 9.998169812461371597e-01 -1.354049317366243753e-02 -1.351514174832079210e-02 1.795599971001028052e+02 1.362733101417885374e-02 8.227742039712016356e-03 9.998732920277257907e-01 1.498963550672066658e+00
-1.282950986739411943e-02 -9.998873180391332216e-01 7.794543031804043905e-03 -1.167939740305297747e+01 9.998318987591229279e-01 -1.293013501579288668e-02 -1.299945507327802431e-02 1.795589548868449015e+02 1.309877476297771973e-02 7.626456122314979533e-03 9.998851230350049857e-01 1.498547063858721495e+00
-1.217880962226187795e-02 -9.998922650456476546e-01 8.193588839585107947e-03 -1.167222839221281205e+01 9.998340365368516558e-01 -1.228831427353931083e-02 -1.344978493292516356e-02 1.795665132628251115e+02 1.354902131564826931e-02 8.028426633047234390e-03 9.998759765026808966e-01 1.500271699386085178e+00
-1.262285288642772500e-02 -9.998912256259213649e-01 7.628925304624297951e-03 -1.167390638878097953e+01 9.998327786093429426e-01 -1.272234019458203837e-02 -1.313609067780617534e-02 1.795765279052405390e+02 1.323171959080925858e-02 7.461834644996936591e-03 9.998846146533132417e-01 1.499209853574559492e+00
-1.250822892412485274e-02 -9.998953338396102675e-01 7.270871678068216090e-03 -1.168900580263842848e+01 9.998448492424677481e-01 -1.259712705352734538e-02 -1.231218231289261771e-02 1.795828298734277837e+02 1.240248573836234477e-02 7.115740001894239712e-03 9.998977670700835985e-01 1.500022213154679651e+00
-1.233011011471163952e-02 -9.998958572243650256e-01 7.499539326800004103e-03 -1.169455629986936351e+01 9.998356295554774453e-01 -1.242837431902319746e-02 -1.320035541907795679e-02 1.796054174124983263e+02 1.329218777939887054e-02 7.335544788316599764e-03 9.998847471217368055e-01 1.500978557944671721e+00
-1.199010435605850876e-02 -9.998999457115794742e-01 7.505728713057605722e-03 -1.170509000951331124e+01 9.998475563447232206e-01 -1.208408132847349839e-02 -1.260313651175198196e-02 1.795769341556439542e+02 1.269257535009439899e-02 7.353471590347531589e-03 9.998924067051193632e-01 1.498753348346324010e+00
-1.207297039277487744e-02 -9.999007127477964607e-01 7.266913536470823338e-03 -1.170078084947738084e+01 9.998450742518186773e-01 -1.216475657493431076e-02 -1.272187847171642877e-02 1.795685676854040480e+02 1.280901558558228751e-02 7.112196842324722441e-03 9.998926671277312828e-01 1.498234159755238437e+00
-1.195962223601980748e-02 -9.999037988620086415e-01 7.025699772844427177e-03 -1.170520927556434287e+01 9.998447576121426428e-01 -1.204924703000955638e-02 -1.285598388015702850e-02 1.795770947000819717e+02 1.293940151199936446e-02 6.870856375756301780e-03 9.998926758513528856e-01 1.497405030530339021e+00
-1.214267632246457049e-02 -9.999000145775264192e-01 7.246810304755639358e-03 -1.172742409759771398e+01 9.998391725327218094e-01 -1.223695647900283241e-02 -1.311052879232735280e-02 1.795657818008745323e+02 1.319789683287800504e-02 7.086447911066914677e-03 9.998877925923468357e-01 1.498230545342854603e+00
-1.193783388666068077e-02 -9.999039751633961304e-01 7.037654050592065218e-03 -1.172758391149008084e+01 9.998446053586863558e-01 -1.202783392132565111e-02 -1.288783714573454864e-02 1.795660513560377751e+02 1.297124732739463743e-02 6.882707577861087167e-03 9.998921817271965162e-01 1.499368908782642951e+00
-1.151398639713452701e-02 -9.999112480788764357e-01 6.702542994507846436e-03 -1.171563362590045543e+01 9.998555997254245931e-01 -1.159660989467973038e-02 -1.242168815674103179e-02 1.795459863894272132e+02 1.249831248446306962e-02 6.558551996992940600e-03 9.999003838286827373e-01 1.497534924397944334e+00
-1.175469515844167201e-02 -9.999055968921005677e-01 7.115085775110742243e-03 -1.172194350542374330e+01 9.998563847744935673e-01 -1.184039496960815827e-02 -1.212496897500702463e-02 1.795355682810997848e+02 1.220806976607247477e-02 6.971538626355897918e-03 9.999011754577407096e-01 1.496452303147883800e+00
-1.187614733198000608e-02 -9.999052621611871361e-01 6.958723081144495629e-03 -1.172077405415308959e+01 9.998595078166274686e-01 -1.195735407268962852e-02 -1.174675752168692980e-02 1.795251722907687224e+02 1.182885257504123072e-02 6.818239211944758862e-03 9.999067905864078565e-01 1.494146877271222307e+00
-1.171923951970084768e-02 -9.999070576931560206e-01 6.966735282672155589e-03 -1.171853282231075433e+01 9.998646672361222176e-01 -1.179862176261013348e-02 -1.146471706161791490e-02 1.795215371631781807e+02 1.154584937888729519e-02 6.831434689860462102e-03 9.999100083818552864e-01 1.492157195078231302e+00
-1.154894364747450879e-02 -9.999115216931298011e-01 6.600809492824021192e-03 -1.169721726000008033e+01 9.998651156113003147e-01 -1.162499805120708468e-02 -1.160215514083536882e-02 1.795563781739511171e+02 1.167786299928285157e-02 6.465926510759910373e-03 9.999109056861672506e-01 1.489983947989209856e+00
-1.169090565787119472e-02 -9.999054803511427947e-01 7.235543424820142268e-03 -1.171525304236161702e+01 9.998592688126533012e-01 -1.177682207904701475e-02 -1.194776260001348053e-02 1.795125152787277614e+02 1.203184500924714580e-02 7.094844992823485207e-03 9.999024441815337338e-01 1.489763556805004718e+00
-1.072120987578515511e-02 -9.999138842549367689e-01 7.568337532584517788e-03 -1.172078201872551695e+01 9.998726590162916317e-01 -1.080962461844159166e-02 -1.173958122340124609e-02 1.795179033340743047e+02 1.182038114833028862e-02 7.441511258888182205e-03 9.999024464915045041e-01 1.490015031997100836e+00
-1.104201890704758875e-02 -9.999065146257779535e-01 8.064479362492413955e-03 -1.170082106539915223e+01 9.998715005937204303e-01 -1.113464574067179330e-02 -1.153264777460420894e-02 1.795328935897535132e+02 1.162136476149546599e-02 7.936099366906894034e-03 9.999009762011049629e-01 1.490566292772534496e+00
-1.105504187127666869e-02 -9.999028389130739658e-01 8.491100211540340489e-03 -1.170395735889159461e+01 9.998734232494156382e-01 -1.115108810853375314e-02 -1.134859962692733731e-02 1.794954854456665601e+02 1.144218199124969783e-02 8.364566191610654788e-03 9.998995502067740127e-01 1.491181046242106678e+00
-1.082002425116876040e-02 -9.999050479250422008e-01 8.533592984542480095e-03 -1.169747038579887999e+01 9.998703058916198483e-01 -1.092066853347806524e-02 -1.183682368636498894e-02 1.794961794445746079e+02 1.192889229577878858e-02 8.404411508465806438e-03 9.998935280297576167e-01 1.488210554206540470e+00
-1.060124818152864690e-02 -9.999030248868471249e-01 9.030745214505486035e-03 -1.170969190032075957e+01 9.998770652828452565e-01 -1.070445067995941593e-02 -1.145727092317187258e-02 1.794941689289573503e+02 1.155282901977955877e-02 8.908173649857300050e-03 9.998935826296051488e-01 1.489337040683500035e+00
-9.863452976297435240e-03 -9.999070784240642329e-01 9.409931606518861028e-03 -1.171867739148945198e+01 9.998848854275889098e-01 -9.970862493709603189e-03 -1.143668634661758159e-02 1.795044789410316355e+02 1.152944876582251248e-02 9.296043168281047445e-03 9.998903216816198425e-01 1.490613665865585524e+00
-1.007654301338219149e-02 -9.999072568221371027e-01 9.161934038773423758e-03 -1.171326060646717337e+01 9.998791636869931443e-01 -1.018387744112333841e-02 -1.174506981099049732e-02 1.795134441419543236e+02 1.183728454926646044e-02 9.042477243298560272e-03 9.998890499949518729e-01 1.490827620978347312e+00
-9.821931549828612218e-03 -9.999076640622392986e-01 9.391113364727341623e-03 -1.171211651872026849e+01 9.998748856305780253e-01 -9.937197797959587339e-03 -1.230711928782131544e-02 1.795205567531323254e+02 1.239930424946903038e-02 9.269058718280001608e-03 9.998801637219379979e-01 1.487152648196697680e+00
-1.049798983195979023e-02 -9.998981445976429239e-01 9.669159202426922534e-03 -1.170995717096742794e+01 9.998715196169394304e-01 -1.061386883247022149e-02 -1.201207922556086702e-02 1.795291481517052716e+02 1.211348291789296483e-02 9.541814219578103121e-03 9.998811015880838537e-01 1.487320417546001750e+00
-1.085000555675268673e-02 -9.998917202971472351e-01 9.941079450049213409e-03 -1.169623416100777469e+01 9.998604001730685420e-01 -1.097492548947930600e-02 -1.259885614859447382e-02 1.795437218178831813e+02 1.270659455444363498e-02 9.802994017857514716e-03 9.998712135885889918e-01 1.486874445951387402e+00
-1.043464322163633468e-02 -9.999019541803509936e-01 9.338107257617493315e-03 -1.169917100929888853e+01 9.998697152603097660e-01 -1.054841248819590391e-02 -1.221816267886538347e-02 1.795614578476723580e+02 1.231546694630322562e-02 9.209398476366380953e-03 9.998817511354034515e-01 1.487424788853473512e+00
-1.112862325278971866e-02 -9.998964934072002153e-01 9.119003042254845981e-03 -1.170718940623392257e+01 9.998627446565285792e-01 -1.123926060865017632e-02 -1.217254570275373357e-02 1.795374009301051501e+02 1.227377661570524733e-02 8.982287735206871335e-03 9.998843297675149566e-01 1.483447916442484971e+00
-1.153721268135513012e-02 -9.998890470442576284e-01 9.422649546375509028e-03 -1.170297438189770745e+01 9.998599507801033681e-01 -1.165010020664122327e-02 -1.201474057920655890e-02 1.795606752804912958e+02 1.212318231965408590e-02 9.282713294283583341e-03 9.998834230470786677e-01 1.482511984028278551e+00
-1.076861878206851475e-02 -9.999033035659100621e-01 8.798884446803927062e-03 -1.171004547258679729e+01 9.998729305893739872e-01 -1.087089310202905140e-02 -1.165960367175424874e-02 1.795296231917922398e+02 1.175412796189453241e-02 8.672208550651996917e-03 9.998933109460788060e-01 1.480896495993564432e+00
-1.036657546849505465e-02 -9.999053795808885425e-01 9.042455322374829546e-03 -1.172066179097500260e+01 9.998708416278770938e-01 -1.047643615726668274e-02 -1.218787708357658463e-02 1.795531906209008355e+02 1.228145656742858985e-02 8.914940865977780474e-03 9.998848381958498344e-01 1.480827175710887733e+00
-1.019863226153130964e-02 -9.999036697784969840e-01 9.414832101020212743e-03 -1.171926513302327777e+01 9.998726814288850795e-01 -1.031296559444865382e-02 -1.217635712599938504e-02 1.795314308671242429e+02 1.227227901435560577e-02 9.289451229436701193e-03 9.998815416156315861e-01 1.481332589725140814e+00
-1.021030839480718648e-02 -9.999052286796670241e-01 9.234893694435185665e-03 -1.171502002012550214e+01 9.998713380801426132e-01 -1.032335397154865268e-02 -1.227744470986752261e-02 1.795496593056863617e+02 1.237161623671926593e-02 9.108349018494863586e-03 9.998819835809877876e-01 1.480361473311393672e+00
-1.041771360182850228e-02 -9.999042931095767361e-01 9.103618201005081456e-03 -1.173832060547825762e+01 9.998706502818173192e-01 -1.052806505112826446e-02 -1.215905223672826552e-02 1.795301488344722145e+02 1.225373201626894608e-02 8.975771126684456772e-03 9.998846341375373648e-01 1.479486022676134382e+00
-9.205509074512370840e-03 -9.999149750269062942e-01 9.235871351541363392e-03 -1.172706833910305235e+01 9.998787717501035344e-01 -9.320383310541751828e-03 -1.247286087670165106e-02 1.795551368898729550e+02 1.255788223324436070e-02 9.119932669035565528e-03 9.998795559575814895e-01 1.478117999926302106e+00
-8.958949386953216770e-03 -9.999243721875024082e-01 8.425386122485185175e-03 -1.173979102193630375e+01 9.998779979210408175e-01 -9.065714133711334430e-03 -1.272014546527919579e-02 1.795884796244001222e+02 1.279556561055553154e-02 8.310399068444114523e-03 9.998835986093738137e-01 1.475163241500483391e+00
-8.837812928592408274e-03 -9.998995050892462988e-01 1.108479972401637918e-02 -1.173631086009579683e+01 9.998788234872710845e-01 -8.978610050826818165e-03 -1.271703201486656075e-02 1.795800658647724504e+02 1.281528011208256379e-02 1.097106575668723577e-02 9.998576920301277537e-01 1.478884070566556463e+00
-8.703104332827104120e-03 -9.998976947902922241e-01 1.135147250508352149e-02 -1.174818343734708037e+01 9.998716002485921184e-01 -8.854502165435391287e-03 -1.335592781214185558e-02 1.795963685699844632e+02 1.345507306902326596e-02 1.123377694562499932e-02 9.998463698310084968e-01 1.481826801446399999e+00
-9.234440585403538154e-03 -9.998984627662037550e-01 1.085307628552085492e-02 -1.173007349848262137e+01 9.998636171928937388e-01 -9.381644492223386797e-03 -1.359160625404784439e-02 1.796305908881691664e+02 1.369204590330363146e-02 1.072608523209811655e-02 9.998487280456870296e-01 1.480888656686583538e+00
-8.760071210289776394e-03 -9.999142307392279161e-01 9.736134631911563461e-03 -1.173229700958701471e+01 9.998655919337928744e-01 -8.893753680897458977e-03 -1.377313371570217104e-02 1.796231617220412318e+02 1.385854318742506947e-02 9.614172384744984826e-03 9.998577441166724977e-01 1.479390928170157382e+00
-8.961819735557867428e-03 -9.999132824821007626e-01 9.649523454549540497e-03 -1.173364260490392219e+01 9.998688859152824460e-01 -9.090740048566553488e-03 -1.340035163353854239e-02 1.795656894425763141e+02 1.348691089762369191e-02 9.528166730380996374e-03 9.998636493408490367e-01 1.478730795894428240e+00
-8.753733408746787806e-03 -9.999101290871590386e-01 1.015410755858408079e-02 -1.174615323736750128e+01 9.998684447143459941e-01 -8.891133229638793073e-03 -1.356617169318325225e-02 1.795660779331275876e+02 1.365523401208081251e-02 1.003401708168425582e-02 9.998564162344923956e-01 1.477611767415717203e+00
-9.343607618813351556e-03 -9.998996024355195633e-01 1.065279521802435687e-02 -1.173041924997744800e+01 9.998649396210711471e-01 -9.486265279912121928e-03 -1.342062918017221211e-02 1.795595533351932431e+02 1.352033702309941507e-02 1.052595935440845364e-02 9.998531915568674711e-01 1.477071754835191708e+00
-9.380589188485293287e-03 -9.999004018763865131e-01 1.054470833732302180e-02 -1.173689333469823382e+01 9.998642844441786304e-01 -9.522028523753734916e-03 -1.344409408343328477e-02 1.795543660097923748e+02 1.354316209045147539e-02 1.041716373276203693e-02 9.998540220754024155e-01 1.476758421295512047e+00
-9.023891646984633433e-03 -9.999032916592693887e-01 1.058190476724219647e-02 -1.173402597507285527e+01 9.998716092098834940e-01 -9.162725769825951286e-03 -1.314570471696743792e-02 1.795347064255053624e+02 1.324139250918110987e-02 1.046192073313904555e-02 9.998575967301513989e-01 1.475981926813928258e+00
-8.537421645551252977e-03 -9.999047618542035165e-01 1.084341518784755730e-02 -1.172951386496403359e+01 9.998717120963349636e-01 -8.683102298328712262e-03 -1.345968365236028218e-02 1.795468784906976794e+02 1.355255626038548780e-02 1.072711311428862536e-02 9.998506174739529850e-01 1.476736851279744966e+00
-8.762621805251048085e-03 -9.999029804699980373e-01 1.082802411866484564e-02 -1.173268493590840400e+01 9.998699025074945235e-01 -8.907952362076164421e-03 -1.344717235589855918e-02 1.795597185355113083e+02 1.354232324058114376e-02 1.070878293417347298e-02 9.998509526170983319e-01 1.476597519734175634e+00
-8.769659572012401816e-03 -9.999031649503783425e-01 1.080526691982546320e-02 -1.172392616682048860e+01 9.998724577526553192e-01 -8.912602952316375435e-03 -1.325268788886258334e-02 1.795667475932219475e+02 1.334770761802338279e-02 1.068766723059991382e-02 9.998537955473861816e-01 1.474804328662933095e+00
-8.917589625557944058e-03 -9.999025920375117504e-01 1.073699361723915759e-02 -1.172346768463631683e+01 9.998639951744585641e-01 -9.065186419914319713e-03 -1.377728380136229724e-02 1.795683934213808186e+02 1.387327463294822476e-02 1.061267317120003113e-02 9.998474400722955346e-01 1.475041184844732456e+00
-9.032437101221870226e-03 -9.999032257037724358e-01 1.058084624235916364e-02 -1.172812169562742568e+01 9.998609290331995636e-01 -9.179390753172023826e-03 -1.392341115778378616e-02 1.795798112088292839e+02 1.401918945162568958e-02 1.045361241832556097e-02 9.998470804650726462e-01 1.474299130455680285e+00
-9.244964699348538761e-03 -9.999008956514520152e-01 1.061741508716807815e-02 -1.172274721663829311e+01 9.998549003695406112e-01 -9.395420449667287593e-03 -1.420930264267214298e-02 1.795844563043652897e+02 1.430764951782294465e-02 1.048451000282865468e-02 9.998426707313896600e-01 1.475513672961305645e+00
-9.181770518042692633e-03 -9.999047892534096427e-01 1.030085036538109199e-02 -1.171817199380814678e+01 9.998670671036805624e-01 -9.319253099532034956e-03 -1.337907482422557963e-02 1.795967955435973238e+02 1.347379722421821087e-02 1.017663744872772738e-02 9.998574362570897822e-01 1.474809764071741247e+00
-9.248503239831812328e-03 -9.998990228150012038e-01 1.078931700479771917e-02 -1.170289196172005042e+01 9.998650416793125606e-01 -9.393622752086243019e-03 -1.347806659797388257e-02 1.795696345451512457e+02 1.357805639444527313e-02 1.066320895409537776e-02 9.998509550724813399e-01 1.475320090380945803e+00
-8.881845148440115426e-03 -9.999031992822625670e-01 1.071003696802675688e-02 -1.170791881728851180e+01 9.998636809547510884e-01 -9.029557657273996202e-03 -1.382340754412694946e-02 1.795857182318723915e+02 1.391877632466937721e-02 1.058579962078200036e-02 9.998470925656657293e-01 1.472902612786967769e+00
-9.314011173143330047e-03 -9.998961480513478550e-01 1.099737732120870289e-02 -1.170485028395233229e+01 9.998559816658064703e-01 -9.468541575660995024e-03 -1.408412750360563993e-02 1.795827675963393517e+02 1.418679396390836421e-02 1.086461377631386428e-02 9.998403347757679471e-01 1.472470687797159172e+00
-9.247534534443201462e-03 -9.998993197443105663e-01 1.076259633641349009e-02 -1.171029050136262661e+01 9.998662848816683990e-01 -9.391323854157378540e-03 -1.338713536189799734e-02 1.795726662587437090e+02 1.348686256939358313e-02 1.063735921799441493e-02 9.998524646801166815e-01 1.471104308912904113e+00
-8.845175019146259490e-03 -9.999044804357536398e-01 1.062039939868331638e-02 -1.170664324967228076e+01 9.998647056954419465e-01 -8.991125185745123261e-03 -1.377425034121494869e-02 1.795787375768632614e+02 1.386842397134065326e-02 1.049712686410698287e-02 9.998487271303355683e-01 1.471919018039359095e+00
-9.201388993129432439e-03 -9.999007378923271405e-01 1.066999545352092377e-02 -1.170445229738243498e+01 9.998656271323682621e-01 -9.344789821326500781e-03 -1.346857759350139107e-02 1.795688882893895766e+02 1.356694953900971015e-02 1.054463207401228411e-02 9.998523634090344947e-01 1.470343463872235024e+00
-9.203413181527496725e-03 -9.998996508899525848e-01 1.076964883190410782e-02 -1.170065738687707757e+01 9.998683674865382898e-01 -9.345974700577604558e-03 -1.326274695159618787e-02 1.795737782847730841e+02 1.336206891225983316e-02 1.064616865584169965e-02 9.998540464524499072e-01 1.470517951162073178e+00
-9.115629656602810410e-03 -9.998995043553002837e-01 1.085755432819336501e-02 -1.170050465209996915e+01 9.998718323789596019e-01 -9.257215890701922870e-03 -1.306226508287990432e-02 1.795700138127543255e+02 1.316146310659021580e-02 1.073709197031291578e-02 9.998557349662586802e-01 1.470346386847464881e+00
-9.477159040123982886e-03 -9.998952299567619439e-01 1.094132378844454509e-02 -1.170439530821497875e+01 9.998629832355805380e-01 -9.624227393547049939e-03 -1.346807344512698096e-02 1.795591487760265466e+02 1.357196418261616064e-02 1.081218556965706651e-02 9.998494378812419203e-01 1.471356688638446597e+00
-9.452765051163505849e-03 -9.998991421619664033e-01 1.059956304063195721e-02 -1.169929971286731885e+01 9.998575204053972154e-01 -9.599559107592799817e-03 -1.388478857279640266e-02 1.795655085357769849e+02 1.398513931496254102e-02 1.046680317502325652e-02 9.998474193143865874e-01 1.471197719603358323e+00
-9.282335202736951424e-03 -9.999014814363673676e-01 1.052927701901354603e-02 -1.169856400682422581e+01 9.998627528169108380e-01 -9.425449588365955589e-03 -1.362484603389087744e-02 1.795729145965293299e+02 1.372274690337449594e-02 1.040136151743048173e-02 9.998517379571894015e-01 1.471146354428988667e+00
-9.195605958365335800e-03 -9.999036662611305859e-01 1.039706826991689675e-02 -1.170142125491156726e+01 9.998633569162638235e-01 -9.337078973977008811e-03 -1.364135082661266374e-02 1.795659249646858200e+02 1.373711495181829251e-02 1.027020709550534490e-02 9.998528964397804808e-01 1.471288642048477424e+00
-9.003543179983752864e-03 -9.999028620136103385e-01 1.063967796496609677e-02 -1.170390032131681579e+01 9.998705697980962981e-01 -9.144107837129853561e-03 -1.323740697773750224e-02 1.795694403415370743e+02 1.333341148534259064e-02 1.051911730398383954e-02 9.998557737540499923e-01 1.469055091400173207e+00
-9.053183587373801744e-03 -9.999145036682852705e-01 9.435317733981332666e-03 -1.168796852480211435e+01 9.998714931916166115e-01 -9.176829116079194062e-03 -1.314469132928684607e-02 1.795651363666847260e+02 1.323015380489727007e-02 9.315103927609881193e-03 9.998690873655005085e-01 1.465520502285874382e+00
-8.755942448894058275e-03 -9.999194116021155043e-01 9.192593383360498499e-03 -1.169909546766097286e+01 9.998687523440450420e-01 -8.880075256292165736e-03 -1.355073243062121166e-02 1.795585105334307343e+02 1.363127131984914579e-02 9.072737443723924780e-03 9.998659279510848652e-01 1.465187472456569884e+00
-8.740420548347447791e-03 -9.999161956658138006e-01 9.550219570506709998e-03 -1.170574684492665085e+01 9.998660394477768554e-01 -8.871357153713095925e-03 -1.375507838105317557e-02 1.795560452173635326e+02 1.383864905457406203e-02 9.428715048093325168e-03 9.998597857324237337e-01 1.465330629301930365e+00
-8.116161755149795334e-03 -9.999184698250674908e-01 9.858073902174593894e-03 -1.171177773686783752e+01 9.998694841970789948e-01 -8.252695260872851962e-03 -1.388911776892778199e-02 1.795661817694530953e+02 1.396934106650017660e-02 9.744060941295075440e-03 9.998549448727761524e-01 1.464175888671859216e+00
-8.442779627836341158e-03 -9.999077557829230134e-01 1.063952053971524078e-02 -1.172131287224910245e+01 9.998610017562880037e-01 -8.594403856090922569e-03 -1.428682572412542234e-02 1.795504566786889029e+02 1.437694818342541772e-02 1.051742114387621031e-02 9.998413310187850289e-01 1.463737371376715002e+00
-8.108023490517630646e-03 -9.999065796761121838e-01 1.100417536650069583e-02 -1.171066778049957691e+01 9.998631814463166956e-01 -8.265358232034593355e-03 -1.432837190147719097e-02 1.795429838235879174e+02 1.441798679178557356e-02 1.088649501518454410e-02 9.998367896227656759e-01 1.463724756419089168e+00
