0 0.000381 0.118134 100.000000 5.780347
0 0.000933 0.085239 200.000000 6.369427
0 0.001032 0.098222 300.000000 6.726458
0 0.001120 0.097197 400.000000 6.908463
0 0.000860 0.129440 500.000000 6.297229
0 0.000714 0.138780 600.000000 6.741573
10 0.000178 0.110679 100.000000 6.097561
10 0.000883 0.071546 200.000000 6.451613
10 0.000970 0.090669 300.000000 6.849315
10 0.001064 0.096087 400.000000 7.017544
10 0.000817 0.126738 500.000000 6.369427
10 0.000699 0.135727 600.000000 6.802721
20 0.000224 0.099679 100.000000 6.369427
20 0.000932 0.056018 200.000000 6.493506
20 0.000937 0.084622 300.000000 6.960557
20 0.001011 0.097825 400.000000 7.117438
20 0.000771 0.125212 500.000000 6.435007
20 0.000696 0.133363 600.000000 6.857143
30 0.000338 0.077401 100.000000 6.622517
30 0.000784 0.035322 200.000000 6.535948
30 0.000954 0.072532 300.000000 7.042253
30 0.000951 0.098074 400.000000 7.207207
30 0.000721 0.123174 500.000000 6.501951
30 0.000670 0.129855 600.000000 6.888634
40 0.000665 0.053250 100.000000 6.849315
40 0.000850 0.014622 200.000000 6.578948
40 0.000907 0.062051 300.000000 7.075472
40 0.000886 0.099548 400.000000 7.299270
40 0.000661 0.122241 500.000000 6.561680
40 0.000628 0.126215 600.000000 6.912442
50 0.000657 0.036648 100.000000 7.042253
50 0.001056 0.012915 200.000000 6.600660
50 0.001107 0.071576 300.000000 7.058824
50 0.000948 0.108749 400.000000 7.366483
50 0.000689 0.127685 500.000000 6.605020
50 0.000648 0.126824 600.000000 6.896552
60 0.000797 0.006055 100.000000 7.092198
60 0.000929 0.016144 200.000000 6.622517
60 0.001174 0.072411 300.000000 6.993007
60 0.000919 0.119049 400.000000 7.407407
60 0.000662 0.131454 500.000000 6.640106
60 0.000692 0.124351 600.000000 6.880734
70 0.000757 0.018603 100.000000 7.142857
70 0.000906 0.028362 200.000000 6.644518
70 0.001168 0.076533 300.000000 6.944445
70 0.000910 0.128298 400.000000 7.421150
70 0.000640 0.134556 500.000000 6.666667
70 0.000700 0.120622 600.000000 6.872852
80 0.000800 0.028956 100.000000 7.142857
80 0.000922 0.035626 200.000000 6.688963
80 0.001159 0.085119 300.000000 6.928406
80 0.000900 0.137223 400.000000 7.434944
80 0.000627 0.138102 500.000000 6.684492
80 0.000713 0.117530 600.000000 6.864988
90 0.000824 0.048776 100.000000 7.142857
90 0.000881 0.047686 200.000000 6.711410
90 0.001149 0.093806 300.000000 6.944445
90 0.000934 0.145041 400.000000 7.434944
90 0.000629 0.140404 500.000000 6.711410
90 0.000727 0.113475 600.000000 6.857143
100 0.000679 0.061507 100.000000 7.092198
100 0.000902 0.058376 200.000000 6.756757
100 0.001211 0.105152 300.000000 6.960557
100 0.001009 0.157483 400.000000 7.299270
100 0.000658 0.147209 500.000000 6.729475
100 0.000747 0.111711 600.000000 6.833713
110 0.000519 0.069414 100.000000 7.092198
110 0.000966 0.068454 200.000000 6.802721
110 0.001178 0.112871 300.000000 6.993007
110 0.000910 0.165200 400.000000 6.220840
110 0.000658 0.151905 500.000000 6.756757
110 0.000726 0.109937 600.000000 6.810442
120 0.000420 0.092406 100.000000 7.142857
120 0.000894 0.077568 200.000000 6.872852
120 0.001231 0.119443 300.000000 7.025761
120 0.000925 0.164903 400.000000 6.211180
120 0.000613 0.151948 500.000000 6.793478
120 0.000731 0.109595 600.000000 6.779661
130 0.000303 0.092844 100.000000 7.352941
130 0.000892 0.083393 200.000000 6.993007
130 0.001165 0.123508 300.000000 7.092198
130 0.000964 0.166636 400.000000 6.250000
130 0.000621 0.153918 500.000000 6.839945
130 0.000742 0.112946 600.000000 6.726458
140 0.001046 0.038034 100.000000 7.575758
140 0.001328 0.087922 200.000000 7.142857
140 0.001441 0.127107 300.000000 7.177033
140 0.001073 0.180343 400.000000 6.299212
140 0.000798 0.170490 500.000000 6.896552
140 0.000891 0.121066 600.000000 6.666667
150 0.001398 0.064079 100.000000 7.751938
150 0.001534 0.101723 200.000000 7.246377
150 0.001539 0.134506 300.000000 7.263923
150 0.001114 0.187884 400.000000 6.339144
150 0.000879 0.180535 500.000000 6.934813
150 0.001008 0.122897 600.000000 6.593407
160 0.001392 0.054956 100.000000 7.692307
160 0.001466 0.102661 200.000000 7.299270
160 0.001457 0.142623 300.000000 7.317073
160 0.001011 0.184879 400.000000 6.379585
160 0.000851 0.180744 500.000000 6.963789
160 0.000939 0.116733 600.000000 6.535948
170 0.001540 0.043556 100.000000 7.142857
170 0.001435 0.113938 200.000000 7.272727
170 0.001408 0.152544 300.000000 7.352941
170 0.001005 0.183412 400.000000 6.420546
170 0.000790 0.181635 500.000000 6.963789
180 0.001887 0.029770 100.000000 6.369427
180 0.001613 0.123052 200.000000 7.220217
180 0.001381 0.160322 300.000000 7.407407
180 0.000984 0.181483 400.000000 6.451613
180 0.000862 0.178096 500.000000 6.925208
190 0.002776 0.036990 100.000000 6.172840
190 0.001930 0.137145 200.000000 7.067138
190 0.001470 0.172718 300.000000 7.444169
190 0.001008 0.184922 400.000000 6.493506
190 0.000899 0.174643 500.000000 6.868132
200 0.002624 0.059423 100.000000 6.134969
200 0.002129 0.139359 200.000000 6.872852
200 0.001488 0.184047 300.000000 7.481297
200 0.001025 0.187244 400.000000 6.514658
200 0.000991 0.169086 500.000000 6.821282
210 0.002551 0.071849 100.000000 6.172840
210 0.002121 0.137202 200.000000 6.802721
210 0.001447 0.192746 300.000000 7.500000
210 0.000975 0.186574 400.000000 6.546645
210 0.000978 0.158856 500.000000 6.802721
220 0.002649 0.095701 100.000000 6.211180
220 0.002127 0.147219 200.000000 6.802721
220 0.001466 0.206283 300.000000 7.518797
220 0.000974 0.190721 400.000000 6.568144
220 0.001013 0.154620 500.000000 6.793478
230 0.002547 0.116164 100.000000 6.289308
230 0.002138 0.154915 200.000000 6.825939
230 0.001520 0.215433 300.000000 7.518797
230 0.000996 0.191995 400.000000 6.600660
230 0.001033 0.147381 500.000000 6.784261
240 0.002426 0.136278 100.000000 6.410256
240 0.002140 0.160235 200.000000 6.872852
240 0.001554 0.222314 300.000000 7.334963
240 0.000984 0.192347 400.000000 6.633499
240 0.001018 0.139347 500.000000 6.765900
250 0.002439 0.158497 100.000000 6.493506
250 0.002026 0.166437 200.000000 6.920415
250 0.001386 0.226666 300.000000 5.964215
250 0.000952 0.193073 400.000000 6.666667
250 0.000975 0.133074 500.000000 6.747638
260 0.002120 0.158491 100.000000 6.578948
260 0.002040 0.159663 200.000000 6.944445
260 0.001372 0.210814 300.000000 5.928854
260 0.000852 0.182501 400.000000 6.700168
260 0.000943 0.126563 500.000000 6.693440
270 0.001856 0.151624 100.000000 6.666667
270 0.001725 0.151763 200.000000 6.968641
270 0.001129 0.192712 300.000000 5.940594
270 0.000772 0.170251 400.000000 6.722689
270 0.000879 0.118590 500.000000 6.510417
280 0.001778 0.149506 100.000000 6.756757
280 0.001610 0.152535 200.000000 7.017544
280 0.000997 0.183110 300.000000 5.976096
280 0.000746 0.165516 400.000000 6.756757
280 0.000948 0.109972 500.000000 6.377551
290 0.001518 0.138285 100.000000 6.849315
290 0.001481 0.145998 200.000000 7.117438
290 0.000884 0.170568 300.000000 6.024096
290 0.000710 0.159401 400.000000 6.791172
290 0.000847 0.102173 500.000000 6.321113
300 0.001370 0.119841 100.000000 7.092198
300 0.001367 0.137228 200.000000 7.246377
300 0.000828 0.157959 300.000000 6.109980
300 0.000635 0.151270 400.000000 6.837607
310 0.001372 0.117590 100.000000 7.407407
310 0.001348 0.137875 200.000000 7.462687
310 0.000838 0.157161 300.000000 6.198347
310 0.000609 0.151888 400.000000 6.908463
320 0.001178 0.102597 100.000000 7.751938
320 0.001217 0.124499 200.000000 7.692307
320 0.000751 0.142413 300.000000 6.315790
320 0.000591 0.139675 400.000000 6.993007
330 0.001242 0.076911 100.000000 8.130081
330 0.001096 0.110287 200.000000 7.905138
330 0.000675 0.128492 300.000000 6.410256
330 0.000618 0.128953 400.000000 7.054674
340 0.001265 0.070724 100.000000 8.264462
340 0.001088 0.107184 200.000000 8.097166
340 0.000671 0.123217 300.000000 6.507592
340 0.000602 0.120495 400.000000 7.079646
350 0.001050 0.023963 100.000000 8.130081
350 0.000804 0.066714 200.000000 8.230453
350 0.000433 0.085245 300.000000 6.578948
350 0.000436 0.082959 400.000000 7.042253
360 0.001672 0.014565 100.000000 7.751938
360 0.000904 0.088822 200.000000 8.333333
360 0.000513 0.100514 300.000000 6.622517
360 0.000586 0.091873 400.000000 6.993007
370 0.001739 0.028394 100.000000 7.518797
370 0.000934 0.102320 200.000000 8.368201
370 0.000512 0.108608 300.000000 6.651885
370 0.000620 0.092660 400.000000 6.968641
380 0.001638 0.049678 100.000000 7.407407
380 0.000902 0.107729 200.000000 8.333333
380 0.000462 0.108694 300.000000 6.666667
380 0.000624 0.088645 400.000000 6.932409
390 0.001867 0.076531 100.000000 7.352941
390 0.001028 0.124001 200.000000 8.196721
390 0.000543 0.118487 300.000000 6.681514
390 0.000687 0.091290 400.000000 6.884682
400 0.001776 0.092418 100.000000 7.299270
400 0.000864 0.132199 200.000000 5.747127
400 0.000491 0.120545 300.000000 6.696429
400 0.000622 0.087225 400.000000 6.814310
410 0.002023 0.109307 100.000000 7.246377
410 0.001063 0.139125 200.000000 5.617978
410 0.000469 0.124649 300.000000 6.711410
410 0.000667 0.099004 400.000000 6.700168
420 0.001644 0.122535 100.000000 7.194244
420 0.000849 0.139492 200.000000 5.617978
420 0.000476 0.123671 300.000000 6.726458
420 0.000711 0.101445 400.000000 6.400000
430 0.001499 0.125829 100.000000 7.246377
430 0.000637 0.134035 200.000000 5.633803
430 0.000483 0.120253 300.000000 6.726458
430 0.000735 0.093758 400.000000 6.230530
440 0.001396 0.135116 100.000000 7.352941
440 0.000624 0.133324 200.000000 5.698006
440 0.000430 0.120477 300.000000 6.741573
450 0.001312 0.138339 100.000000 7.575758
450 0.000622 0.128998 200.000000 5.763689
450 0.000501 0.115373 300.000000 6.741573
460 0.000928 0.099667 100.000000 7.874016
460 0.000406 0.093424 200.000000 5.865103
460 0.000400 0.079323 300.000000 6.726458
470 0.000635 0.065827 100.000000 8.196721
470 0.000271 0.064155 200.000000 5.952381
470 0.000355 0.054518 300.000000 6.726458
480 0.000182 0.018919 100.000000 8.620689
480 0.000172 0.022175 200.000000 6.060606
480 0.000246 0.021227 300.000000 6.741573
490 0.000288 0.022992 100.000000 8.928572
490 0.000194 0.025222 200.000000 6.172840
490 0.000297 0.021938 300.000000 6.756757
500 0.000198 0.018222 100.000000 9.259259
500 0.000253 0.017469 200.000000 6.250000
500 0.000278 0.013122 300.000000 6.787330
510 0.000107 0.026370 100.000000 9.433962
510 0.000305 0.024591 200.000000 6.309148
510 0.000323 0.023970 300.000000 6.787330
520 0.000284 0.034752 100.000000 9.345795
520 0.000254 0.025729 200.000000 6.349206
520 0.000351 0.023742 300.000000 6.741573
530 0.000324 0.055196 100.000000 8.196721
530 0.000196 0.019436 200.000000 6.369427
530 0.000296 0.016888 300.000000 6.681514
540 0.000127 0.059115 100.000000 4.608295
540 0.000206 0.025115 200.000000 6.410256
540 0.000294 0.024652 300.000000 6.593407
550 0.000515 0.049187 100.000000 4.566210
550 0.000348 0.004581 200.000000 6.451613
550 0.000237 0.035602 300.000000 6.410256
560 0.000190 0.042212 100.000000 4.566210
560 0.000145 0.014351 200.000000 6.472492
560 0.000486 0.042283 300.000000 6.072875
570 0.000474 0.039323 100.000000 4.587156
570 0.000178 0.025647 200.000000 6.472492
570 0.000468 0.044401 300.000000 5.870842
580 0.000480 0.039514 100.000000 4.629630
580 0.000234 0.036715 200.000000 6.349206
590 0.000518 0.028202 100.000000 4.651163
590 0.000320 0.037779 200.000000 6.153846
600 0.000667 0.022587 100.000000 4.672897
600 0.000435 0.039615 200.000000 5.988024
610 0.000636 0.023594 100.000000 4.694836
610 0.000385 0.032026 200.000000 5.934718
620 0.000778 0.032142 100.000000 4.739336
620 0.000437 0.038079 200.000000 5.899705
630 0.000754 0.039089 100.000000 4.807693
630 0.000356 0.036852 200.000000 5.899705
640 0.000741 0.050898 100.000000 4.950495
640 0.000331 0.038693 200.000000 5.952381
650 0.000750 0.060206 100.000000 5.154639
650 0.000345 0.044853 200.000000 6.079027
660 0.000379 0.033879 100.000000 5.405406
660 0.000587 0.030100 200.000000 6.230530
670 0.000380 0.034352 100.000000 5.714286
670 0.000620 0.031970 200.000000 6.430868
680 0.000364 0.033615 100.000000 6.060606
680 0.000618 0.031096 200.000000 6.644518
690 0.000349 0.033558 100.000000 6.451613
690 0.000627 0.031016 200.000000 6.872852
700 0.000331 0.032679 100.000000 6.896552
700 0.000616 0.029612 200.000000 7.117438
710 0.000328 0.034071 100.000000 7.407407
710 0.000637 0.030929 200.000000 7.380074
720 0.000365 0.036547 100.000000 8.000000
720 0.000663 0.034879 200.000000 7.633588
730 0.000488 0.049630 100.000000 8.695652
730 0.000760 0.047173 200.000000 7.936508
740 0.000235 0.028090 100.000000 9.345795
740 0.000509 0.025452 200.000000 8.163265
750 0.000321 0.027929 100.000000 10.101010
750 0.000378 0.015924 200.000000 8.333333
760 0.000570 0.048959 100.000000 10.526316
760 0.000450 0.013244 200.000000 8.333333
770 0.000606 0.059753 100.000000 10.869565
770 0.000467 0.031773 200.000000 7.843137
780 0.000062 0.023237 100.000000 10.869565
780 0.000833 0.060832 200.000000 7.092198
790 0.000151 0.026548 100.000000 10.526316
800 0.000420 0.014650 100.000000 9.433962
810 0.000858 0.014554 100.000000 8.403361
820 0.001020 0.017831 100.000000 8.000000
830 0.001288 0.034225 100.000000 7.692307
840 0.001226 0.047272 100.000000 7.352941
850 0.001119 0.076860 100.000000 6.993007
860 0.001466 0.157329 100.000000 6.134969
870 0.001731 0.148503 100.000000 5.208333
880 0.001736 0.143307 100.000000 4.830918
