0 0.003436 0.260800 100.000000 8.474576
0 0.002238 0.315378 200.000000 9.433962
0 0.001321 0.292862 300.000000 10.416667
0 0.001341 0.239328 400.000000 10.471204
0 0.001203 0.288092 500.000000 10.416667
0 0.001221 0.338846 600.000000 10.416667
0 0.001012 0.376475 700.000000 10.279001
0 0.000951 0.363198 800.000000 10.282776
10 0.002217 0.143827 100.000000 9.009009
10 0.001597 0.197591 200.000000 9.756098
10 0.000920 0.187516 300.000000 10.714286
10 0.001033 0.165027 400.000000 10.666667
10 0.000962 0.211095 500.000000 10.570825
10 0.001025 0.253744 600.000000 10.544815
10 0.000822 0.288457 700.000000 10.370370
10 0.000795 0.281131 800.000000 10.376135
20 0.001753 0.094625 100.000000 9.615385
20 0.001265 0.149023 200.000000 10.000000
20 0.000740 0.143747 300.000000 10.948905
20 0.000912 0.137193 400.000000 10.810811
20 0.000861 0.181178 500.000000 10.706638
20 0.000948 0.219165 600.000000 10.657193
20 0.000749 0.251931 700.000000 10.447762
20 0.000727 0.246508 800.000000 10.471204
30 0.001539 0.071927 100.000000 10.101010
30 0.001157 0.126134 200.000000 10.256411
30 0.000708 0.121531 300.000000 11.194030
30 0.000893 0.124652 400.000000 10.928962
30 0.000823 0.168667 500.000000 10.822511
30 0.000914 0.205102 600.000000 10.752688
30 0.000751 0.237403 700.000000 10.510510
30 0.000700 0.232250 800.000000 10.554090
40 0.001676 0.060770 100.000000 10.638298
40 0.001196 0.112121 200.000000 10.471204
40 0.000794 0.110588 300.000000 11.406844
40 0.000891 0.114091 400.000000 11.019283
40 0.000833 0.161421 500.000000 10.917030
40 0.000895 0.197796 600.000000 10.830325
40 0.000737 0.231114 700.000000 10.542169
40 0.000688 0.225459 800.000000 10.624170
50 0.002023 0.085093 100.000000 10.989011
50 0.001273 0.135101 200.000000 10.638298
50 0.000824 0.119768 300.000000 11.538462
50 0.000892 0.128344 400.000000 11.080333
50 0.000863 0.176682 500.000000 10.989011
50 0.000939 0.212517 600.000000 10.889292
50 0.000748 0.245034 700.000000 10.558069
50 0.000706 0.235725 800.000000 10.680908
60 0.001834 0.091601 100.000000 11.363636
60 0.001147 0.135479 200.000000 10.810811
60 0.000783 0.114004 300.000000 11.627907
60 0.000881 0.133309 400.000000 11.080333
60 0.000997 0.179077 500.000000 11.013216
60 0.000932 0.213078 600.000000 10.909091
60 0.000679 0.242025 700.000000 10.558069
60 0.000689 0.232788 800.000000 10.723861
70 0.001593 0.072368 100.000000 11.494253
70 0.000842 0.109437 200.000000 10.928962
70 0.000720 0.092688 300.000000 11.627907
70 0.000810 0.122068 400.000000 11.080333
70 0.000916 0.164693 500.000000 10.964912
70 0.000861 0.192570 600.000000 10.909091
70 0.000638 0.218495 700.000000 10.558069
70 0.000628 0.212563 800.000000 10.767160
80 0.001533 0.076233 100.000000 11.494253
80 0.000690 0.105101 200.000000 11.049724
80 0.000799 0.089387 300.000000 11.583012
80 0.000754 0.122386 400.000000 11.049724
80 0.000806 0.164205 500.000000 10.940919
80 0.000847 0.191737 600.000000 10.889292
80 0.000629 0.214117 700.000000 10.558069
80 0.000617 0.208750 800.000000 10.796222
90 0.001285 0.066651 100.000000 11.494253
90 0.000642 0.086187 200.000000 11.235955
90 0.000727 0.077287 300.000000 11.538462
90 0.000709 0.113760 400.000000 11.049724
90 0.000814 0.150831 500.000000 10.917030
90 0.000771 0.178323 600.000000 10.849910
90 0.000631 0.195059 700.000000 10.558069
90 0.000610 0.193169 800.000000 10.825439
100 0.000898 0.065029 100.000000 11.235955
100 0.000629 0.082347 200.000000 11.428572
100 0.000834 0.076848 300.000000 11.450381
100 0.000742 0.115631 400.000000 11.019283
100 0.000808 0.149128 500.000000 10.917030
100 0.000752 0.177502 600.000000 10.771993
100 0.000644 0.190050 700.000000 10.558069
100 0.000616 0.189436 800.000000 10.854816
110 0.001064 0.058084 100.000000 10.869565
110 0.000613 0.072921 200.000000 11.560694
110 0.000816 0.074649 300.000000 11.406844
110 0.000763 0.112272 400.000000 11.019283
110 0.000783 0.143051 500.000000 10.917030
110 0.000670 0.172898 600.000000 10.695188
110 0.000631 0.180428 700.000000 10.574018
110 0.000605 0.181754 800.000000 10.854816
120 0.001096 0.049469 100.000000 10.416667
120 0.000615 0.059968 200.000000 11.695907
120 0.000792 0.078473 300.000000 11.278195
120 0.000715 0.108914 400.000000 11.019283
120 0.000811 0.134780 500.000000 10.893247
120 0.000613 0.164145 600.000000 10.600707
120 0.000599 0.166971 700.000000 10.590015
120 0.000526 0.171008 800.000000 10.825439
130 0.000974 0.051589 100.000000 10.204082
130 0.000759 0.052265 200.000000 11.764706
130 0.000817 0.079587 300.000000 11.152416
130 0.000702 0.105693 400.000000 10.958904
130 0.000804 0.129325 500.000000 10.845987
130 0.000633 0.157970 600.000000 10.526316
130 0.000591 0.159438 700.000000 10.590015
130 0.000555 0.165097 800.000000 10.796222
140 0.000950 0.053882 100.000000 10.101010
140 0.000728 0.051299 200.000000 11.695907
140 0.000713 0.085691 300.000000 11.029411
140 0.000694 0.101551 400.000000 10.928962
140 0.000796 0.120234 500.000000 10.822511
140 0.000560 0.146036 600.000000 10.452962
140 0.000557 0.147295 700.000000 10.606061
140 0.000572 0.156967 800.000000 10.767160
150 0.001002 0.070012 100.000000 10.204082
150 0.000750 0.070456 200.000000 11.627907
150 0.000763 0.107924 300.000000 10.909091
150 0.000896 0.122871 400.000000 10.840109
150 0.000814 0.140305 500.000000 10.775862
150 0.000534 0.162206 600.000000 10.398614
150 0.000569 0.161985 700.000000 10.638298
150 0.000615 0.173022 800.000000 10.752688
160 0.000898 0.075305 100.000000 10.309278
160 0.000846 0.066009 200.000000 11.560694
160 0.000650 0.101411 300.000000 10.869565
160 0.000771 0.115223 400.000000 10.781672
160 0.000782 0.130585 500.000000 10.752688
160 0.000514 0.152155 600.000000 10.380623
160 0.000522 0.153871 700.000000 10.670732
160 0.000621 0.168849 800.000000 10.752688
170 0.001050 0.076617 100.000000 10.638298
170 0.000888 0.063953 200.000000 11.494253
170 0.000604 0.094462 300.000000 10.830325
170 0.000786 0.105840 400.000000 10.752688
170 0.000751 0.125790 500.000000 10.729613
170 0.000521 0.144264 600.000000 10.380623
170 0.000527 0.147787 700.000000 10.703364
170 0.000623 0.166749 800.000000 10.767160
180 0.001090 0.075743 100.000000 10.989011
180 0.000957 0.066915 200.000000 11.428572
180 0.000688 0.094309 300.000000 10.869565
180 0.000839 0.109675 400.000000 10.752688
180 0.000712 0.132502 500.000000 10.683761
180 0.000582 0.147125 600.000000 10.398614
180 0.000565 0.151416 700.000000 10.736197
180 0.000622 0.174172 800.000000 10.767160
190 0.000935 0.066147 100.000000 11.494253
190 0.000969 0.064738 200.000000 11.494253
190 0.000720 0.091096 300.000000 10.909091
190 0.000792 0.110835 400.000000 10.810811
190 0.000707 0.138814 500.000000 10.638298
190 0.000608 0.149799 600.000000 10.434783
190 0.000582 0.154145 700.000000 10.785825
190 0.000582 0.180352 800.000000 10.752688
200 0.000900 0.050375 100.000000 12.195122
200 0.000829 0.058409 200.000000 11.560694
200 0.000682 0.072111 300.000000 11.029411
200 0.000739 0.090367 400.000000 10.869565
200 0.000609 0.121397 500.000000 10.638298
200 0.000568 0.128814 600.000000 10.507881
200 0.000547 0.135427 700.000000 10.819165
200 0.000532 0.163811 800.000000 10.723861
210 0.000980 0.053540 100.000000 12.820513
210 0.000723 0.056420 200.000000 11.695907
210 0.000583 0.054381 300.000000 11.111111
210 0.000727 0.071521 400.000000 10.928962
210 0.000535 0.104851 500.000000 10.615711
210 0.000523 0.108866 600.000000 10.563380
210 0.000445 0.117464 700.000000 10.852714
210 0.000474 0.145815 800.000000 10.709505
220 0.000843 0.051954 100.000000 13.333333
220 0.000773 0.065460 200.000000 11.695907
220 0.000666 0.067260 300.000000 11.194030
220 0.000806 0.087683 400.000000 10.989011
220 0.000576 0.120233 500.000000 10.593221
220 0.000552 0.121752 600.000000 10.619469
220 0.000502 0.129610 700.000000 10.852714
220 0.000474 0.157311 800.000000 10.666667
230 0.000861 0.055869 100.000000 13.698630
230 0.000681 0.062420 200.000000 11.560694
230 0.000622 0.059423 300.000000 11.194030
230 0.000792 0.084935 400.000000 10.989011
230 0.000570 0.116486 500.000000 10.548523
230 0.000555 0.115674 600.000000 10.657193
230 0.000518 0.123979 700.000000 10.852714
230 0.000387 0.146197 800.000000 10.582010
240 0.000822 0.064266 100.000000 13.513514
240 0.000617 0.067494 200.000000 11.428572
240 0.000787 0.064644 300.000000 11.152416
240 0.000832 0.094047 400.000000 10.958904
240 0.000514 0.121904 500.000000 10.460251
240 0.000560 0.120080 600.000000 10.676157
240 0.000558 0.130133 700.000000 10.835914
240 0.000354 0.143291 800.000000 10.498688
250 0.000928 0.052116 100.000000 13.157895
250 0.000750 0.058616 200.000000 11.173184
250 0.000981 0.072955 300.000000 10.989011
250 0.000852 0.107706 400.000000 10.869565
250 0.000545 0.132953 500.000000 10.395010
250 0.000561 0.133262 600.000000 10.695188
250 0.000613 0.145309 700.000000 10.819165
250 0.000391 0.147654 800.000000 10.430247
260 0.001164 0.033787 100.000000 12.500000
260 0.000842 0.073140 200.000000 10.928962
260 0.000914 0.107701 300.000000 10.791367
260 0.000928 0.140473 400.000000 10.752688
260 0.000624 0.161281 500.000000 10.309278
260 0.000612 0.160345 600.000000 10.676157
260 0.000675 0.178328 700.000000 10.769231
260 0.000450 0.165230 800.000000 10.376135
270 0.001117 0.020717 100.000000 11.627907
270 0.000896 0.060616 200.000000 10.695188
270 0.000968 0.102588 300.000000 10.600707
270 0.000833 0.140154 400.000000 10.526316
270 0.000683 0.150706 500.000000 10.245902
270 0.000644 0.153065 600.000000 10.657193
270 0.000655 0.176941 700.000000 10.703364
270 0.000450 0.151896 800.000000 10.309278
280 0.001287 0.035353 100.000000 10.869565
280 0.001003 0.085039 200.000000 10.471204
280 0.001002 0.123055 300.000000 10.452962
280 0.000794 0.161197 400.000000 10.282776
280 0.000743 0.162643 500.000000 10.183299
280 0.000686 0.165025 600.000000 10.600707
280 0.000599 0.194336 700.000000 10.542169
280 0.000496 0.155478 800.000000 10.243278
290 0.001400 0.061922 100.000000 10.416667
290 0.001042 0.103933 200.000000 10.309278
290 0.001176 0.139935 300.000000 10.344828
290 0.000772 0.176858 400.000000 10.101010
290 0.000760 0.168820 500.000000 10.162601
290 0.000616 0.170091 600.000000 10.526316
290 0.000575 0.200414 700.000000 10.385756
290 0.000537 0.152993 800.000000 10.191083
300 0.001459 0.063696 100.000000 9.900990
300 0.000995 0.104165 200.000000 10.204082
300 0.001178 0.141455 300.000000 10.273973
300 0.000822 0.175885 400.000000 9.950249
300 0.000770 0.163964 500.000000 10.162601
300 0.000653 0.166676 600.000000 10.471204
300 0.000491 0.189752 700.000000 10.248902
300 0.000568 0.144320 800.000000 10.139417
310 0.001414 0.085677 100.000000 9.708738
310 0.001150 0.118722 200.000000 10.152285
310 0.001229 0.157195 300.000000 10.238908
310 0.000794 0.184954 400.000000 9.876543
310 0.000773 0.168814 500.000000 10.204082
310 0.000687 0.173575 600.000000 10.452962
310 0.000441 0.186157 700.000000 10.159652
310 0.000573 0.142930 800.000000 10.050251
320 0.001494 0.093030 100.000000 9.615385
320 0.001435 0.123496 200.000000 10.101010
320 0.001203 0.162310 300.000000 10.238908
320 0.000741 0.182945 400.000000 9.828010
320 0.000747 0.168800 500.000000 10.245902
320 0.000699 0.175445 600.000000 10.452962
320 0.000440 0.177094 700.000000 10.115607
320 0.000506 0.136256 800.000000 9.962640
330 0.001194 0.080653 100.000000 9.523809
330 0.001292 0.112145 200.000000 10.050251
330 0.001104 0.149111 300.000000 10.238908
330 0.000708 0.164005 400.000000 9.852217
330 0.000677 0.154794 500.000000 10.309278
330 0.000678 0.164905 600.000000 10.489511
330 0.000405 0.159101 700.000000 10.115607
330 0.000513 0.120956 800.000000 9.925558
340 0.001116 0.057385 100.000000 9.615385
340 0.001072 0.092610 200.000000 10.000000
340 0.000990 0.135186 300.000000 10.238908
340 0.000670 0.142941 400.000000 9.852217
340 0.000642 0.138093 500.000000 10.373444
340 0.000639 0.153637 600.000000 10.507881
340 0.000404 0.141013 700.000000 10.115607
340 0.000468 0.105330 800.000000 9.913259
350 0.001234 0.061388 100.000000 9.708738
350 0.001158 0.098627 200.000000 10.050251
350 0.000943 0.141237 300.000000 10.204082
350 0.000737 0.140859 400.000000 9.900990
350 0.000672 0.138881 500.000000 10.438414
350 0.000655 0.159054 600.000000 10.526316
350 0.000429 0.138789 700.000000 10.130246
350 0.000490 0.101549 800.000000 9.925558
360 0.000896 0.032460 100.000000 9.803922
360 0.000979 0.069411 200.000000 10.101010
360 0.000772 0.115801 300.000000 10.135135
360 0.000695 0.111453 400.000000 9.950249
360 0.000622 0.116632 500.000000 10.482181
360 0.000548 0.139382 600.000000 10.507881
360 0.000364 0.116001 700.000000 10.130246
360 0.000459 0.082638 800.000000 9.937888
370 0.000897 0.042455 100.000000 9.900990
370 0.000950 0.070917 200.000000 10.152285
370 0.000684 0.114168 300.000000 10.033444
370 0.000688 0.108636 400.000000 10.000000
370 0.000616 0.117650 500.000000 10.526316
370 0.000492 0.142792 600.000000 10.452962
370 0.000392 0.113366 700.000000 10.130246
370 0.000459 0.078854 800.000000 9.950249
380 0.000928 0.047783 100.000000 10.000000
380 0.001104 0.073974 200.000000 10.204082
380 0.000670 0.114023 300.000000 9.966778
380 0.000669 0.105880 400.000000 10.050251
380 0.000513 0.116327 500.000000 10.526316
380 0.000462 0.141901 600.000000 10.380623
380 0.000406 0.108632 700.000000 10.144928
380 0.000410 0.075231 800.000000 9.962640
390 0.000831 0.045914 100.000000 10.204082
390 0.001160 0.077625 200.000000 10.309278
390 0.000650 0.114702 300.000000 9.933775
390 0.000661 0.105761 400.000000 10.101010
390 0.000526 0.114310 500.000000 10.526316
390 0.000429 0.138135 600.000000 10.344828
390 0.000426 0.102870 700.000000 10.144928
390 0.000370 0.070176 800.000000 9.975062
400 0.000629 0.035339 100.000000 10.309278
400 0.001069 0.071523 200.000000 10.362695
400 0.000644 0.103083 300.000000 9.900990
400 0.000630 0.095920 400.000000 10.204082
400 0.000510 0.104626 500.000000 10.548523
400 0.000322 0.123391 600.000000 10.273973
400 0.000456 0.092052 700.000000 10.144928
400 0.000344 0.061392 800.000000 10.000000
410 0.000818 0.043680 100.000000 10.416667
410 0.001139 0.090888 200.000000 10.471204
410 0.000651 0.114479 300.000000 9.900990
410 0.000629 0.105681 400.000000 10.282776
410 0.000555 0.113018 500.000000 10.570825
410 0.000294 0.125583 600.000000 10.221465
410 0.000457 0.093544 700.000000 10.101010
410 0.000374 0.060511 800.000000 10.025063
420 0.001509 0.040449 100.000000 10.526316
420 0.001115 0.097859 200.000000 10.471204
420 0.000530 0.110521 300.000000 9.868421
420 0.000598 0.105043 400.000000 10.362695
420 0.000557 0.110796 500.000000 10.615711
420 0.000281 0.116639 600.000000 10.186757
420 0.000397 0.086797 700.000000 10.014306
420 0.000381 0.055548 800.000000 10.062893
430 0.001420 0.043938 100.000000 10.416667
430 0.001022 0.099360 200.000000 10.526316
430 0.000519 0.105426 300.000000 9.868421
430 0.000534 0.103037 400.000000 10.443864
430 0.000578 0.109335 500.000000 10.638298
430 0.000298 0.108482 600.000000 10.186757
430 0.000414 0.078813 700.000000 9.971510
430 0.000395 0.051147 800.000000 10.088272
440 0.001204 0.072437 100.000000 10.309278
440 0.001073 0.122591 200.000000 10.526316
440 0.000573 0.121301 300.000000 9.900990
440 0.000555 0.115450 400.000000 10.526316
440 0.000620 0.124493 500.000000 10.683761
440 0.000358 0.115117 600.000000 10.186757
440 0.000444 0.081398 700.000000 9.943182
440 0.000410 0.053908 800.000000 10.126582
450 0.001602 0.073397 100.000000 10.309278
450 0.000960 0.124153 200.000000 10.416667
450 0.000601 0.114081 300.000000 9.933775
450 0.000579 0.111488 400.000000 10.582010
450 0.000641 0.125632 500.000000 10.683761
450 0.000386 0.108841 600.000000 10.186757
450 0.000449 0.074464 700.000000 9.943182
450 0.000420 0.051442 800.000000 10.152285
460 0.001598 0.075500 100.000000 10.309278
460 0.000790 0.125440 200.000000 10.256411
460 0.000706 0.104177 300.000000 9.933775
460 0.000610 0.101871 400.000000 10.638298
460 0.000561 0.119860 500.000000 10.638298
460 0.000342 0.097055 600.000000 10.169492
460 0.000449 0.064130 700.000000 9.943182
460 0.000385 0.048070 800.000000 10.178117
470 0.001380 0.068985 100.000000 10.309278
470 0.000609 0.114751 200.000000 10.050251
470 0.000691 0.089402 300.000000 9.966778
470 0.000581 0.093877 400.000000 10.638298
470 0.000468 0.115157 500.000000 10.526316
470 0.000348 0.088501 600.000000 10.152285
470 0.000421 0.056580 700.000000 9.929078
470 0.000361 0.046702 800.000000 10.204082
480 0.001637 0.078675 100.000000 10.309278
480 0.000544 0.111157 200.000000 9.852217
480 0.000651 0.085916 300.000000 10.000000
480 0.000429 0.091366 400.000000 10.610080
480 0.000416 0.113638 500.000000 10.416667
480 0.000360 0.082877 600.000000 10.135135
480 0.000362 0.052401 700.000000 9.929078
480 0.000366 0.046406 800.000000 10.243278
490 0.001736 0.096849 100.000000 10.204082
490 0.000681 0.113319 200.000000 9.708738
490 0.000683 0.087179 300.000000 10.067114
490 0.000484 0.091939 400.000000 10.582010
490 0.000353 0.111658 500.000000 10.309278
490 0.000403 0.080196 600.000000 10.101010
490 0.000319 0.051408 700.000000 9.929078
490 0.000369 0.048913 800.000000 10.269576
500 0.001591 0.099978 100.000000 10.309278
500 0.000651 0.101599 200.000000 9.615385
500 0.000639 0.083032 300.000000 10.135135
500 0.000478 0.086953 400.000000 10.582010
500 0.000255 0.101058 500.000000 10.183299
500 0.000416 0.073117 600.000000 10.050251
500 0.000308 0.044975 700.000000 9.943182
500 0.000347 0.047260 800.000000 10.309278
510 0.001070 0.070463 100.000000 10.309278
510 0.000525 0.047225 200.000000 9.523809
510 0.000513 0.050578 300.000000 10.204082
510 0.000389 0.061229 400.000000 10.582010
510 0.000124 0.067940 500.000000 10.101010
510 0.000296 0.050458 600.000000 9.950249
510 0.000243 0.031664 700.000000 9.971510
510 0.000244 0.037366 800.000000 10.335917
520 0.000687 0.049125 100.000000 10.416667
520 0.000493 0.018653 200.000000 9.523809
520 0.000399 0.044482 300.000000 10.344828
520 0.000383 0.052601 400.000000 10.638298
520 0.000150 0.055487 500.000000 10.101010
520 0.000205 0.038305 600.000000 9.884679
520 0.000255 0.022382 700.000000 10.000000
520 0.000210 0.030810 800.000000 10.389610
530 0.000986 0.065595 100.000000 10.526316
530 0.000489 0.049875 200.000000 9.569378
530 0.000403 0.072136 300.000000 10.452962
530 0.000524 0.078328 400.000000 10.695188
530 0.000185 0.074856 500.000000 10.121457
530 0.000332 0.049566 600.000000 9.852217
530 0.000311 0.029570 700.000000 10.043041
530 0.000224 0.040596 800.000000 10.443864
540 0.001136 0.066842 100.000000 10.526316
540 0.000574 0.054585 200.000000 9.661836
540 0.000473 0.083172 300.000000 10.563380
540 0.000546 0.094121 400.000000 10.752688
540 0.000184 0.082905 500.000000 10.121457
540 0.000316 0.054069 600.000000 9.852217
540 0.000311 0.032879 700.000000 10.086455
540 0.000197 0.042472 800.000000 10.484928
550 0.000998 0.048631 100.000000 10.309278
550 0.000559 0.049465 200.000000 9.708738
550 0.000449 0.078983 300.000000 10.676157
550 0.000508 0.091212 400.000000 10.752688
550 0.000176 0.074551 500.000000 10.121457
550 0.000333 0.044857 600.000000 9.868421
550 0.000296 0.026537 700.000000 10.130246
550 0.000177 0.036754 800.000000 10.526316
560 0.000843 0.055378 100.000000 9.803922
560 0.000524 0.059548 200.000000 9.708738
560 0.000453 0.080849 300.000000 10.714286
560 0.000415 0.092995 400.000000 10.638298
560 0.000213 0.070130 500.000000 10.101010
560 0.000365 0.037991 600.000000 9.852217
560 0.000309 0.025197 700.000000 10.159652
560 0.000180 0.038541 800.000000 10.554090
570 0.000902 0.046663 100.000000 9.523809
570 0.000477 0.062782 200.000000 9.756098
570 0.000335 0.076489 300.000000 10.676157
570 0.000330 0.087166 400.000000 10.498688
570 0.000231 0.060141 500.000000 10.080646
570 0.000342 0.028386 600.000000 9.852217
570 0.000305 0.019665 700.000000 10.189228
570 0.000183 0.033429 800.000000 10.596026
580 0.000822 0.043037 100.000000 9.259259
580 0.000319 0.056467 200.000000 9.852217
580 0.000298 0.062682 300.000000 10.676157
580 0.000222 0.068264 400.000000 10.362695
580 0.000232 0.044538 500.000000 10.060362
580 0.000268 0.015295 600.000000 9.852217
580 0.000292 0.011951 700.000000 10.233918
580 0.000186 0.025136 800.000000 10.624170
590 0.000607 0.042821 100.000000 9.009009
590 0.000272 0.050850 200.000000 9.950249
590 0.000295 0.052032 300.000000 10.638298
590 0.000242 0.053894 400.000000 10.204082
590 0.000288 0.035118 500.000000 10.020041
590 0.000264 0.009019 600.000000 9.852217
590 0.000298 0.012288 700.000000 10.263929
590 0.000165 0.022215 800.000000 10.652463
600 0.000842 0.050266 100.000000 8.849558
600 0.000329 0.056988 200.000000 10.050251
600 0.000389 0.058122 300.000000 10.600707
600 0.000270 0.054137 400.000000 10.075566
600 0.000322 0.034230 500.000000 9.920635
600 0.000217 0.014609 600.000000 9.868421
600 0.000249 0.011923 700.000000 10.294118
600 0.000143 0.014979 800.000000 10.695188
610 0.001010 0.052712 100.000000 8.695652
610 0.000320 0.053326 200.000000 10.152285
610 0.000432 0.051003 300.000000 10.638298
610 0.000315 0.046001 400.000000 10.000000
610 0.000191 0.027342 500.000000 9.803922
610 0.000250 0.013368 600.000000 9.900990
610 0.000222 0.012695 700.000000 10.339734
610 0.000166 0.012247 800.000000 10.723861
620 0.000947 0.043465 100.000000 8.695652
620 0.000332 0.058931 200.000000 10.309278
620 0.000471 0.052719 300.000000 10.676157
620 0.000309 0.047874 400.000000 10.000000
620 0.000283 0.027049 500.000000 9.727627
620 0.000265 0.011712 600.000000 9.933775
620 0.000195 0.015471 700.000000 10.385756
620 0.000187 0.014062 800.000000 10.767160
630 0.000982 0.037883 100.000000 8.771930
630 0.000432 0.062903 200.000000 10.471204
630 0.000412 0.057132 300.000000 10.752688
630 0.000275 0.051667 400.000000 10.000000
630 0.000247 0.031615 500.000000 9.708738
630 0.000232 0.019666 600.000000 9.983361
630 0.000152 0.022233 700.000000 10.447762
630 0.000157 0.018693 800.000000 10.810811
640 0.000828 0.032553 100.000000 8.928572
640 0.000475 0.060846 200.000000 10.638298
640 0.000501 0.055849 300.000000 10.830325
640 0.000213 0.050467 400.000000 10.025063
640 0.000273 0.028616 500.000000 9.727627
640 0.000264 0.018545 600.000000 10.033444
640 0.000161 0.026094 700.000000 10.494753
640 0.000184 0.024058 800.000000 10.869565
650 0.000839 0.025550 100.000000 9.174312
650 0.000469 0.064262 200.000000 10.869565
650 0.000507 0.063725 300.000000 10.869565
650 0.000224 0.053186 400.000000 10.075566
650 0.000354 0.026138 500.000000 9.765625
650 0.000296 0.016750 600.000000 10.101010
650 0.000184 0.030022 700.000000 10.574018
650 0.000199 0.029776 800.000000 10.928962
660 0.001108 0.036214 100.000000 9.433962
660 0.000587 0.077557 200.000000 11.111111
660 0.000455 0.076946 300.000000 10.869565
660 0.000215 0.062379 400.000000 10.126582
660 0.000347 0.036592 500.000000 9.823183
660 0.000290 0.030562 600.000000 10.186757
660 0.000142 0.040576 700.000000 10.638298
660 0.000175 0.039622 800.000000 11.004127
670 0.001148 0.043053 100.000000 9.803922
670 0.000593 0.079806 200.000000 11.299435
670 0.000502 0.085347 300.000000 10.830325
670 0.000292 0.063426 400.000000 10.178117
670 0.000389 0.036322 500.000000 9.881423
670 0.000337 0.034777 600.000000 10.256411
670 0.000171 0.047111 700.000000 10.719755
670 0.000203 0.047861 800.000000 11.065007
680 0.000985 0.048856 100.000000 10.101010
680 0.000318 0.076938 200.000000 11.363636
680 0.000449 0.085183 300.000000 10.791367
680 0.000324 0.059317 400.000000 10.230179
680 0.000350 0.031411 500.000000 9.920635
680 0.000354 0.033395 600.000000 10.344828
680 0.000176 0.045465 700.000000 10.785825
680 0.000219 0.047399 800.000000 11.142061
690 0.001031 0.065236 100.000000 10.526316
690 0.000346 0.080262 200.000000 11.494253
690 0.000421 0.087069 300.000000 10.714286
690 0.000340 0.058117 400.000000 10.256411
690 0.000313 0.031956 500.000000 9.960159
690 0.000359 0.035629 600.000000 10.416667
690 0.000173 0.045538 700.000000 10.852714
690 0.000220 0.047519 800.000000 11.204482
700 0.000853 0.069995 100.000000 10.869565
700 0.000375 0.064900 200.000000 11.560694
700 0.000428 0.070829 300.000000 10.600707
700 0.000392 0.045983 400.000000 10.282776
700 0.000323 0.017253 500.000000 10.020041
700 0.000366 0.024504 600.000000 10.489511
700 0.000173 0.033150 700.000000 10.920437
700 0.000222 0.035350 800.000000 11.267606
710 0.000840 0.079218 100.000000 11.363636
710 0.000603 0.066992 200.000000 11.695907
710 0.000482 0.073684 300.000000 10.526316
710 0.000482 0.045845 400.000000 10.230179
710 0.000334 0.018021 500.000000 10.080646
710 0.000373 0.030660 600.000000 10.563380
710 0.000181 0.037503 700.000000 10.989011
710 0.000233 0.040332 800.000000 11.331445
720 0.000984 0.107209 100.000000 11.764706
720 0.000880 0.089739 200.000000 11.834319
720 0.000506 0.092509 300.000000 10.489511
720 0.000511 0.062412 400.000000 10.126582
720 0.000452 0.037645 500.000000 10.121457
720 0.000399 0.052631 600.000000 10.619469
720 0.000258 0.058651 700.000000 11.041010
720 0.000281 0.061319 800.000000 11.396011
730 0.000702 0.120625 100.000000 12.195122
730 0.001087 0.094141 200.000000 11.904762
730 0.000573 0.090974 300.000000 10.452962
730 0.000546 0.062156 400.000000 10.000000
730 0.000520 0.042099 500.000000 10.183299
730 0.000403 0.056558 600.000000 10.695188
730 0.000315 0.061008 700.000000 11.093502
730 0.000287 0.063517 800.000000 11.444921
740 0.000564 0.119659 100.000000 12.658228
740 0.001151 0.098293 200.000000 11.976048
740 0.000567 0.087629 300.000000 10.416667
740 0.000565 0.058916 400.000000 9.950249
740 0.000493 0.045412 500.000000 10.224949
740 0.000350 0.061627 600.000000 10.733453
740 0.000326 0.064528 700.000000 11.146497
740 0.000283 0.066969 800.000000 11.494253
750 0.000609 0.113718 100.000000 12.987013
750 0.001160 0.093759 200.000000 11.976048
750 0.000507 0.077679 300.000000 10.416667
750 0.000527 0.046897 400.000000 9.925558
750 0.000470 0.038398 500.000000 10.266940
750 0.000328 0.053628 600.000000 10.791367
750 0.000329 0.055549 700.000000 11.182109
750 0.000253 0.057578 800.000000 11.544011
760 0.000438 0.103113 100.000000 13.157895
760 0.001016 0.081846 200.000000 11.834319
760 0.000487 0.067323 300.000000 10.344828
760 0.000557 0.042763 400.000000 9.900990
760 0.000452 0.042096 500.000000 10.288066
760 0.000341 0.051825 600.000000 10.830325
760 0.000316 0.053783 700.000000 11.217949
760 0.000263 0.054099 800.000000 11.577424
770 0.000523 0.093101 100.000000 12.987013
770 0.000825 0.081711 200.000000 11.363636
770 0.000455 0.064012 300.000000 10.273973
770 0.000540 0.042666 400.000000 9.852217
770 0.000468 0.045131 500.000000 10.330579
770 0.000327 0.054183 600.000000 10.849910
770 0.000328 0.055382 700.000000 11.254020
770 0.000247 0.054972 800.000000 11.611031
780 0.000679 0.077645 100.000000 12.658228
780 0.000698 0.077759 200.000000 10.928962
780 0.000480 0.057021 300.000000 10.169492
780 0.000484 0.040361 400.000000 9.828010
780 0.000466 0.046262 500.000000 10.351967
780 0.000323 0.055642 600.000000 10.869565
780 0.000320 0.056930 700.000000 11.272141
780 0.000227 0.056511 800.000000 11.627907
790 0.001157 0.050220 100.000000 12.048193
790 0.000740 0.061083 200.000000 10.416667
790 0.000558 0.049798 300.000000 10.033444
790 0.000498 0.040607 400.000000 9.779951
790 0.000477 0.047292 500.000000 10.373444
790 0.000301 0.054922 600.000000 10.889292
790 0.000311 0.054926 700.000000 11.290322
790 0.000241 0.054295 800.000000 11.644833
800 0.001675 0.036613 100.000000 11.764706
800 0.000851 0.053865 200.000000 9.950249
800 0.000646 0.046763 300.000000 9.740260
800 0.000465 0.041259 400.000000 9.756098
800 0.000438 0.050377 500.000000 10.373444
800 0.000304 0.055652 600.000000 10.889292
800 0.000309 0.054867 700.000000 11.308562
800 0.000195 0.054127 800.000000 11.611031
810 0.001999 0.027082 100.000000 11.363636
810 0.000859 0.049255 200.000000 9.661836
810 0.000629 0.044057 300.000000 9.404388
810 0.000580 0.045420 400.000000 9.732360
810 0.000429 0.058799 500.000000 10.395010
810 0.000357 0.061116 600.000000 10.889292
810 0.000308 0.060608 700.000000 11.308562
810 0.000093 0.058838 800.000000 11.510792
820 0.002002 0.039408 100.000000 11.111111
820 0.000799 0.047878 200.000000 9.478673
820 0.000646 0.039212 300.000000 9.202454
820 0.000525 0.048238 400.000000 9.708738
820 0.000374 0.063364 500.000000 10.395010
820 0.000347 0.063670 600.000000 10.909091
820 0.000296 0.063527 700.000000 11.326860
820 0.000206 0.060813 800.000000 11.267606
830 0.001796 0.036640 100.000000 10.752688
830 0.000672 0.044851 200.000000 9.345795
830 0.000622 0.037349 300.000000 9.118541
830 0.000506 0.046245 400.000000 9.732360
830 0.000370 0.054865 500.000000 10.416667
830 0.000351 0.055042 600.000000 10.909091
830 0.000268 0.053527 700.000000 11.345219
830 0.000281 0.050495 800.000000 11.111111
840 0.001563 0.030808 100.000000 10.204082
840 0.000602 0.047460 200.000000 9.259259
840 0.000607 0.035882 300.000000 9.090909
840 0.000482 0.040326 400.000000 9.756098
840 0.000352 0.044383 500.000000 10.438414
840 0.000341 0.042631 600.000000 10.948905
840 0.000257 0.039923 700.000000 11.382113
840 0.000310 0.036899 800.000000 11.034483
850 0.001222 0.056481 100.000000 9.708738
850 0.000540 0.042510 200.000000 9.216590
850 0.000568 0.025170 300.000000 9.090909
850 0.000484 0.036131 400.000000 9.803922
850 0.000314 0.043869 500.000000 10.504202
850 0.000309 0.040812 600.000000 11.009174
850 0.000222 0.039175 700.000000 11.419250
850 0.000254 0.039930 800.000000 10.973937
860 0.001232 0.083258 100.000000 9.433962
860 0.000578 0.037741 200.000000 9.216590
860 0.000495 0.016095 300.000000 9.118541
860 0.000491 0.036229 400.000000 9.900990
860 0.000295 0.043927 500.000000 10.570825
860 0.000292 0.041226 600.000000 11.070110
860 0.000170 0.040881 700.000000 11.494253
870 0.001328 0.058301 100.000000 9.009009
870 0.000489 0.035907 200.000000 9.174312
870 0.000406 0.007728 300.000000 9.146341
870 0.000420 0.020891 400.000000 9.975062
870 0.000229 0.021558 500.000000 10.638298
870 0.000236 0.019332 600.000000 11.131725
870 0.000155 0.018509 700.000000 11.532125
880 0.001624 0.051352 100.000000 8.620689
880 0.000413 0.046842 200.000000 9.009009
880 0.000232 0.038675 300.000000 9.174312
880 0.000294 0.038339 400.000000 10.025063
880 0.000165 0.035494 500.000000 10.683761
880 0.000142 0.035556 600.000000 11.194030
880 0.000088 0.034773 700.000000 11.570248
890 0.001703 0.053241 100.000000 8.403361
890 0.000410 0.056201 200.000000 8.733624
890 0.000247 0.053646 300.000000 9.202454
890 0.000213 0.051854 400.000000 10.101010
890 0.000158 0.050015 500.000000 10.729613
890 0.000127 0.049185 600.000000 11.235955
890 0.000139 0.047332 700.000000 11.570248
900 0.001738 0.075095 100.000000 8.264462
900 0.000317 0.072382 200.000000 8.510638
900 0.000196 0.062942 300.000000 9.259259
900 0.000133 0.055083 400.000000 10.152285
900 0.000138 0.054420 500.000000 10.775862
900 0.000091 0.052321 600.000000 11.278195
900 0.000197 0.050464 700.000000 11.419250
910 0.001488 0.093275 100.000000 8.130081
910 0.000286 0.076765 200.000000 8.403361
910 0.000194 0.064965 300.000000 9.287926
910 0.000185 0.055162 400.000000 10.204082
910 0.000139 0.055669 500.000000 10.822511
910 0.000092 0.053754 600.000000 11.320755
910 0.000372 0.050408 700.000000 11.217949
920 0.001276 0.107172 100.000000 8.130081
920 0.000210 0.080154 200.000000 8.403361
920 0.000156 0.064209 300.000000 9.345795
920 0.000226 0.051586 400.000000 10.256411
920 0.000125 0.054686 500.000000 10.893247
920 0.000102 0.053145 600.000000 11.406844
920 0.000408 0.047944 700.000000 11.128776
930 0.000855 0.093378 100.000000 8.264462
930 0.000209 0.051719 200.000000 8.474576
930 0.000116 0.031180 300.000000 9.463722
930 0.000194 0.015640 400.000000 10.389610
930 0.000112 0.020395 500.000000 10.989011
930 0.000082 0.019969 600.000000 11.494253
930 0.000412 0.018756 700.000000 11.128776
940 0.000405 0.071732 100.000000 8.403361
940 0.000364 0.023209 200.000000 8.583691
940 0.000226 0.013945 300.000000 9.615385
940 0.000171 0.016465 400.000000 10.526316
940 0.000156 0.016660 500.000000 11.111111
940 0.000099 0.019969 600.000000 11.605416
940 0.000369 0.026058 700.000000 11.146497
950 0.000279 0.064477 100.000000 8.620689
950 0.000412 0.025958 200.000000 8.733624
950 0.000292 0.029867 300.000000 9.771987
950 0.000239 0.035238 400.000000 10.666667
950 0.000195 0.040289 500.000000 11.235955
950 0.000151 0.043304 600.000000 11.718750
950 0.000351 0.045216 700.000000 11.146497
960 0.000313 0.038862 100.000000 8.849558
960 0.000379 0.024812 200.000000 8.849558
960 0.000364 0.042105 300.000000 9.933775
960 0.000216 0.047359 400.000000 10.781672
960 0.000192 0.046849 500.000000 11.363636
960 0.000152 0.048236 600.000000 11.834319
960 0.000287 0.051997 700.000000 11.146497
970 0.000714 0.028028 100.000000 9.009009
970 0.000483 0.050049 200.000000 8.968610
970 0.000454 0.068000 300.000000 10.101010
970 0.000247 0.071786 400.000000 10.928962
970 0.000235 0.071528 500.000000 11.494253
970 0.000182 0.072596 600.000000 11.952191
980 0.001284 0.027190 100.000000 9.259259
980 0.000538 0.074320 200.000000 9.174312
980 0.000550 0.096346 300.000000 10.273973
980 0.000225 0.097538 400.000000 11.080333
980 0.000267 0.096692 500.000000 11.627907
980 0.000210 0.097316 600.000000 12.072434
990 0.001828 0.058443 100.000000 9.345795
990 0.000679 0.103403 200.000000 9.345795
990 0.000625 0.126727 300.000000 10.452962
990 0.000242 0.123055 400.000000 11.235955
990 0.000305 0.120953 500.000000 11.792453
990 0.000237 0.120302 600.000000 12.195122
1000 0.001730 0.089990 100.000000 9.174312
1000 0.000818 0.121019 200.000000 9.523809
1000 0.000644 0.144062 300.000000 10.638298
1000 0.000252 0.135519 400.000000 11.396011
1000 0.000311 0.133332 500.000000 11.904762
1000 0.000224 0.130483 600.000000 12.269938
1010 0.001214 0.093961 100.000000 8.928572
1010 0.000832 0.120762 200.000000 9.661836
1010 0.000566 0.141929 300.000000 10.791367
1010 0.000290 0.130717 400.000000 11.527377
1010 0.000299 0.129282 500.000000 12.048193
1010 0.000297 0.126328 600.000000 12.295082
1020 0.001518 0.100037 100.000000 8.695652
1020 0.000841 0.123400 200.000000 9.756098
1020 0.000460 0.140540 300.000000 10.948905
1020 0.000310 0.126983 400.000000 11.627907
1020 0.000274 0.126211 500.000000 12.135922
1020 0.000196 0.122204 600.000000 12.170385
1030 0.001214 0.089775 100.000000 8.620689
1030 0.000718 0.110769 200.000000 9.900990
1030 0.000319 0.124439 300.000000 11.070110
1030 0.000273 0.110495 400.000000 11.730206
1030 0.000231 0.109934 500.000000 12.224939
1030 0.000251 0.106667 600.000000 11.952191
1040 0.001075 0.069589 100.000000 8.620689
1040 0.000594 0.085411 200.000000 10.000000
1040 0.000234 0.092303 300.000000 11.194030
1040 0.000266 0.076950 400.000000 11.834319
1040 0.000180 0.074895 500.000000 12.345679
1040 0.000324 0.072381 600.000000 11.834319
1050 0.001260 0.082089 100.000000 8.620689
1050 0.000586 0.092220 200.000000 10.152285
1050 0.000236 0.094962 300.000000 11.320755
1050 0.000241 0.079057 400.000000 11.940298
1050 0.000170 0.076741 500.000000 12.437811
1050 0.000365 0.074779 600.000000 11.764706
1060 0.001052 0.071815 100.000000 8.695652
1060 0.000548 0.075360 200.000000 10.309278
1060 0.000265 0.073427 300.000000 11.450381
1060 0.000266 0.060853 400.000000 12.048193
1060 0.000165 0.057953 500.000000 12.531328
1060 0.000383 0.058989 600.000000 11.718750
1070 0.000589 0.055923 100.000000 8.771930
1070 0.000458 0.056084 200.000000 10.471204
1070 0.000277 0.050300 300.000000 11.583012
1070 0.000214 0.039811 400.000000 12.158054
1070 0.000146 0.036161 500.000000 12.626263
1070 0.000344 0.042888 600.000000 11.627907
1080 0.000670 0.036696 100.000000 8.849558
1080 0.000469 0.037689 200.000000 10.695188
1080 0.000366 0.033282 300.000000 11.718750
1080 0.000232 0.030388 400.000000 12.307693
1080 0.000165 0.029529 500.000000 12.755102
1090 0.000678 0.018360 100.000000 9.009009
1090 0.000296 0.007270 200.000000 10.869565
1090 0.000397 0.028469 300.000000 11.904762
1090 0.000168 0.038243 400.000000 12.461060
1090 0.000228 0.043715 500.000000 12.853471
1100 0.000331 0.036600 100.000000 9.345795
1100 0.000209 0.032389 200.000000 11.173184
1100 0.000343 0.034634 300.000000 12.096774
1100 0.000097 0.036136 400.000000 12.658228
1100 0.000210 0.038603 500.000000 12.987013
1110 0.000242 0.021512 100.000000 9.803922
1110 0.000128 0.013398 200.000000 11.560694
1110 0.000350 0.035419 300.000000 12.396694
1110 0.000180 0.041715 400.000000 12.861736
1110 0.000270 0.049117 500.000000 13.157895
1120 0.000588 0.042413 100.000000 10.309278
1120 0.000314 0.049826 200.000000 11.976048
1120 0.000243 0.035055 300.000000 12.658228
1120 0.000196 0.033045 400.000000 13.114754
1120 0.000260 0.034394 500.000000 13.262600
1130 0.000371 0.026833 100.000000 10.869565
1130 0.000106 0.034039 200.000000 12.345679
1130 0.000222 0.023806 300.000000 12.931034
1130 0.000114 0.026025 400.000000 13.333333
1130 0.000333 0.032696 500.000000 13.262600
1140 0.000241 0.026513 100.000000 11.235955
1140 0.000165 0.029974 200.000000 12.658228
1140 0.000187 0.023375 300.000000 13.157895
1140 0.000122 0.026034 400.000000 13.559322
1140 0.000384 0.035118 500.000000 13.054831
1150 0.000303 0.022655 100.000000 11.627907
1150 0.000294 0.026585 200.000000 12.903226
1150 0.000152 0.020055 300.000000 13.333333
1150 0.000104 0.022060 400.000000 13.698630
1150 0.000508 0.028434 500.000000 12.820513
1160 0.000183 0.023166 100.000000 11.904762
1160 0.000527 0.029009 200.000000 13.157895
1160 0.000256 0.051060 300.000000 13.513514
1160 0.000195 0.054599 400.000000 13.840831
1160 0.000643 0.055752 500.000000 12.690355
1170 0.000271 0.022183 100.000000 12.345679
1170 0.000593 0.037687 200.000000 13.333333
1170 0.000307 0.056077 300.000000 13.698630
1170 0.000211 0.058747 400.000000 13.986014
1170 0.000640 0.054064 500.000000 12.594459
1180 0.000249 0.009603 100.000000 12.658228
1180 0.000532 0.030398 200.000000 13.605442
1180 0.000218 0.042053 300.000000 13.824884
1180 0.000182 0.042978 400.000000 14.084507
1180 0.000531 0.037212 500.000000 12.468828
1190 0.000619 0.039428 100.000000 13.157895
1190 0.000407 0.031071 200.000000 13.793103
1190 0.000112 0.021801 300.000000 14.018692
1190 0.000128 0.016619 400.000000 14.234876
1200 0.000665 0.055061 100.000000 13.513514
1200 0.000364 0.035028 200.000000 13.986014
1200 0.000049 0.022703 300.000000 14.150944
1200 0.000200 0.018405 400.000000 14.285714
1210 0.000297 0.047033 100.000000 13.698630
1210 0.000428 0.039055 200.000000 14.084507
1210 0.000166 0.035940 300.000000 14.285714
1210 0.000295 0.039338 400.000000 14.285714
1220 0.000232 0.050786 100.000000 13.888889
1220 0.000390 0.051523 200.000000 14.184397
1220 0.000168 0.049958 300.000000 14.354067
1220 0.000506 0.056787 400.000000 13.986014
1230 0.000653 0.056916 100.000000 14.084507
1230 0.000350 0.053883 200.000000 14.285714
1230 0.000196 0.050859 300.000000 14.423077
1230 0.000634 0.057094 400.000000 13.333333
1240 0.000921 0.055314 100.000000 14.285714
1240 0.000286 0.062633 200.000000 14.285714
1240 0.000225 0.061023 300.000000 14.492754
1240 0.000764 0.061800 400.000000 12.861736
1250 0.001041 0.058390 100.000000 14.285714
1250 0.000358 0.062509 200.000000 14.388489
1250 0.000243 0.059935 300.000000 14.492754
1250 0.000777 0.055397 400.000000 12.578616
1260 0.001289 0.066362 100.000000 14.285714
1260 0.000346 0.077146 200.000000 14.388489
1260 0.000325 0.073598 300.000000 14.563107
1260 0.000688 0.057226 400.000000 12.232416
1270 0.001398 0.091850 100.000000 14.285714
1270 0.000324 0.092406 200.000000 14.388489
1270 0.000444 0.091138 300.000000 14.492754
1280 0.001187 0.098579 100.000000 14.084507
1280 0.000307 0.085033 200.000000 14.388489
1280 0.000464 0.085574 300.000000 14.423077
1290 0.000676 0.081646 100.000000 14.084507
1290 0.000206 0.060932 200.000000 14.388489
1290 0.000628 0.066156 300.000000 13.953488
1300 0.000208 0.033222 100.000000 14.084507
1300 0.000103 0.013260 200.000000 14.388489
1300 0.000691 0.022158 300.000000 12.931034
1310 0.000455 0.009997 100.000000 14.084507
1310 0.000164 0.018262 200.000000 14.492754
1310 0.000774 0.028637 300.000000 12.345679
1320 0.000528 0.018829 100.000000 14.084507
1320 0.000215 0.035500 200.000000 14.492754
1320 0.000708 0.045436 300.000000 12.000000
1330 0.000754 0.038828 100.000000 14.084507
1330 0.000310 0.050914 200.000000 14.492754
1330 0.000496 0.062427 300.000000 11.538462
1340 0.000810 0.047197 100.000000 14.084507
1340 0.000189 0.051368 200.000000 14.492754
1350 0.000663 0.046674 100.000000 14.285714
1350 0.000374 0.042175 200.000000 14.285714
1360 0.000286 0.028339 100.000000 14.285714
1360 0.000873 0.024704 200.000000 13.605442
1370 0.000134 0.017439 100.000000 14.492754
1370 0.001116 0.024045 200.000000 12.269938
1380 0.000266 0.008800 100.000000 14.492754
1380 0.001384 0.029384 200.000000 11.494253
1390 0.000352 0.012882 100.000000 14.492754
1390 0.001282 0.038540 200.000000 11.049724
1400 0.000614 0.017504 100.000000 14.492754
1410 0.000766 0.029296 100.000000 14.492754
1420 0.001288 0.036523 100.000000 13.888889
1430 0.001478 0.051213 100.000000 12.195122
1440 0.002247 0.032262 100.000000 10.101010
1450 0.002619 0.046095 100.000000 9.259259
1460 0.002159 0.073046 100.000000 8.547009
