0 0.001344 0.109401 100.000000 7.633588
0 0.000377 0.098543 200.000000 7.782101
0 0.000523 0.040056 300.000000 7.772021
0 0.000325 0.034792 400.000000 8.146640
0 0.000395 0.039956 500.000000 8.051530
0 0.000259 0.037982 600.000000 7.957560
0 0.000235 0.044338 700.000000 8.505467
0 0.000366 0.046688 800.000000 8.528785
10 0.000987 0.075441 100.000000 8.130081
10 0.000623 0.063605 200.000000 8.000000
10 0.000599 0.039328 300.000000 7.936508
10 0.000384 0.058673 400.000000 8.281573
10 0.000258 0.057783 500.000000 8.064516
10 0.000235 0.049051 600.000000 8.042895
10 0.000206 0.051060 700.000000 8.599508
10 0.000308 0.060242 800.000000 8.592911
20 0.000974 0.073843 100.000000 8.547009
20 0.000851 0.070344 200.000000 8.163265
20 0.000731 0.069403 300.000000 8.064516
20 0.000431 0.087714 400.000000 8.403361
20 0.000196 0.083736 500.000000 7.974482
20 0.000272 0.077510 600.000000 8.130081
20 0.000236 0.081646 700.000000 8.674102
20 0.000290 0.085587 800.000000 8.658009
30 0.000921 0.067851 100.000000 8.928572
30 0.001100 0.072661 200.000000 8.230453
30 0.000848 0.090950 300.000000 8.152174
30 0.000489 0.111015 400.000000 8.474576
30 0.000191 0.105581 500.000000 7.898894
30 0.000277 0.097240 600.000000 8.196721
30 0.000238 0.098022 700.000000 8.750000
30 0.000273 0.100549 800.000000 8.686211
40 0.001044 0.082151 100.000000 9.009009
40 0.001291 0.097085 200.000000 8.230453
40 0.000856 0.115196 300.000000 8.174387
40 0.000472 0.130662 400.000000 8.528785
40 0.000241 0.121868 500.000000 7.861635
40 0.000324 0.118067 600.000000 8.241758
40 0.000275 0.120383 700.000000 8.793970
40 0.000288 0.118069 800.000000 8.629990
50 0.001061 0.078090 100.000000 9.090909
50 0.001308 0.107606 200.000000 8.196721
50 0.000801 0.136751 300.000000 8.196721
50 0.000484 0.151904 400.000000 8.547009
50 0.000250 0.141295 500.000000 7.861635
50 0.000330 0.136167 600.000000 8.287292
50 0.000249 0.136066 700.000000 8.816121
50 0.000251 0.131092 800.000000 8.333333
60 0.000607 0.041198 100.000000 9.174312
60 0.001376 0.096755 200.000000 8.163265
60 0.000899 0.149964 300.000000 8.219178
60 0.000579 0.165787 400.000000 8.547009
60 0.000188 0.155011 500.000000 7.861635
60 0.000237 0.140734 600.000000 8.333333
60 0.000143 0.130542 700.000000 8.805032
60 0.000199 0.128955 800.000000 8.281573
70 0.000439 0.023501 100.000000 9.174312
70 0.001255 0.080989 200.000000 8.163265
70 0.000714 0.133023 300.000000 8.264462
70 0.000488 0.148431 400.000000 8.528785
70 0.000122 0.135603 500.000000 7.886436
70 0.000189 0.118708 600.000000 8.391608
70 0.000202 0.107764 700.000000 8.739077
70 0.000239 0.111747 800.000000 8.281573
80 0.000624 0.030624 100.000000 9.174312
80 0.001213 0.099269 200.000000 8.130081
80 0.000646 0.145756 300.000000 8.287292
80 0.000534 0.160011 400.000000 8.492569
80 0.000175 0.144131 500.000000 7.911392
80 0.000196 0.127554 600.000000 8.438819
80 0.000252 0.116737 700.000000 8.695652
80 0.000262 0.119865 800.000000 8.290155
90 0.000730 0.030999 100.000000 8.928572
90 0.001259 0.105126 200.000000 8.032128
90 0.000532 0.142007 300.000000 8.264462
90 0.000463 0.155745 400.000000 8.438819
90 0.000154 0.136679 500.000000 7.923930
90 0.000192 0.121343 600.000000 8.474576
90 0.000155 0.112666 700.000000 8.663366
90 0.000237 0.118614 800.000000 8.281573
100 0.000961 0.050158 100.000000 8.695652
100 0.001349 0.131166 200.000000 7.936508
100 0.000707 0.159557 300.000000 8.264462
100 0.000412 0.171229 400.000000 8.368201
100 0.000235 0.150259 500.000000 7.936508
100 0.000202 0.134982 600.000000 8.522727
100 0.000099 0.126166 700.000000 8.641975
100 0.000206 0.129959 800.000000 8.273009
110 0.001170 0.056235 100.000000 8.403361
110 0.001157 0.127921 200.000000 7.874016
110 0.000775 0.152974 300.000000 8.264462
110 0.000288 0.159678 400.000000 8.316009
110 0.000229 0.138563 500.000000 7.949126
110 0.000211 0.123884 600.000000 8.559201
110 0.000136 0.117440 700.000000 8.641975
110 0.000230 0.124603 800.000000 8.273009
120 0.000976 0.060572 100.000000 8.064516
120 0.001085 0.123719 200.000000 7.843137
120 0.000812 0.150455 300.000000 8.264462
120 0.000223 0.149727 400.000000 8.264462
120 0.000233 0.128687 500.000000 7.974482
120 0.000212 0.114987 600.000000 8.608321
120 0.000211 0.111541 700.000000 8.641975
120 0.000221 0.120807 800.000000 8.273009
130 0.001881 0.061544 100.000000 7.812500
130 0.001266 0.128559 200.000000 7.782101
130 0.000779 0.153334 300.000000 8.287292
130 0.000207 0.147102 400.000000 8.113590
130 0.000239 0.126295 500.000000 8.000000
130 0.000196 0.111229 600.000000 8.658009
130 0.000234 0.108961 700.000000 8.652658
130 0.000253 0.119462 800.000000 8.255934
140 0.002469 0.070001 100.000000 7.575758
140 0.001332 0.147573 200.000000 7.782101
140 0.000746 0.166662 300.000000 8.310249
140 0.000090 0.156596 400.000000 7.677543
140 0.000197 0.133332 500.000000 8.038586
140 0.000159 0.117725 600.000000 8.695652
140 0.000256 0.115092 700.000000 8.641975
140 0.000265 0.124099 800.000000 8.188332
150 0.002315 0.055389 100.000000 7.462687
150 0.001073 0.124108 200.000000 7.751938
150 0.000605 0.138466 300.000000 8.333333
150 0.000097 0.123415 400.000000 7.604563
150 0.000184 0.101460 500.000000 8.090615
150 0.000147 0.086144 600.000000 8.733624
150 0.000336 0.093224 700.000000 8.536586
150 0.000374 0.110598 800.000000 7.662835
160 0.002264 0.082167 100.000000 7.352941
160 0.000996 0.141723 200.000000 7.782101
160 0.000615 0.150455 300.000000 8.356546
160 0.000107 0.131571 400.000000 7.575758
160 0.000192 0.108818 500.000000 8.130081
160 0.000126 0.093593 600.000000 8.759124
160 0.000338 0.100903 700.000000 8.206330
170 0.002216 0.095856 100.000000 7.299270
170 0.001031 0.149202 200.000000 7.812500
170 0.000597 0.152999 300.000000 8.333333
170 0.000089 0.130629 400.000000 7.575758
170 0.000187 0.106128 500.000000 8.183306
170 0.000122 0.090962 600.000000 8.708273
170 0.000308 0.100388 700.000000 8.158508
180 0.001966 0.103313 100.000000 7.246377
180 0.000789 0.146308 200.000000 7.843137
180 0.000480 0.146948 300.000000 8.287292
180 0.000074 0.120998 400.000000 7.604563
180 0.000174 0.096430 500.000000 8.237232
180 0.000279 0.083475 600.000000 8.633094
180 0.000350 0.096823 700.000000 8.149011
190 0.001919 0.111925 100.000000 7.194244
190 0.000658 0.145606 200.000000 7.874016
190 0.000604 0.146470 300.000000 8.264462
190 0.000066 0.118027 400.000000 7.633588
190 0.000161 0.091964 500.000000 8.305648
190 0.000325 0.078670 600.000000 8.595988
190 0.000382 0.094012 700.000000 8.158508
200 0.002198 0.139256 100.000000 7.194244
200 0.000654 0.159616 200.000000 7.905138
200 0.000679 0.161314 300.000000 8.264462
200 0.000066 0.131110 400.000000 7.677543
200 0.000101 0.103233 500.000000 8.375210
200 0.000289 0.088120 600.000000 8.595988
200 0.000362 0.099760 700.000000 8.177570
210 0.001943 0.134403 100.000000 7.246377
210 0.000660 0.142942 200.000000 7.968128
210 0.000473 0.143725 300.000000 8.241758
210 0.000063 0.111624 400.000000 7.722008
210 0.000098 0.085161 500.000000 8.445946
210 0.000285 0.074328 600.000000 8.608321
210 0.000374 0.090157 700.000000 8.196721
220 0.001904 0.140004 100.000000 7.299270
220 0.000705 0.137615 200.000000 8.064516
220 0.000521 0.136486 300.000000 8.241758
220 0.000078 0.103630 400.000000 7.766990
220 0.000124 0.077197 500.000000 8.517887
220 0.000320 0.068543 600.000000 8.633094
220 0.000397 0.086527 700.000000 8.225616
230 0.001548 0.147899 100.000000 7.352941
230 0.000776 0.143272 200.000000 8.163265
230 0.000358 0.135590 300.000000 8.264462
230 0.000170 0.098249 400.000000 7.827789
230 0.000165 0.071842 500.000000 8.591065
230 0.000309 0.069630 600.000000 8.670520
230 0.000382 0.092450 700.000000 8.244994
240 0.001452 0.155446 100.000000 7.462687
240 0.000835 0.147747 200.000000 8.298756
240 0.000246 0.132803 300.000000 8.287292
240 0.000192 0.095147 400.000000 7.905138
240 0.000186 0.071122 500.000000 8.680555
240 0.000353 0.073221 600.000000 8.720930
240 0.000355 0.096573 700.000000 8.274232
250 0.001038 0.106966 100.000000 7.633588
250 0.000602 0.097880 200.000000 8.438819
250 0.000558 0.080459 300.000000 8.287292
250 0.000295 0.047228 400.000000 7.984032
250 0.000265 0.032285 500.000000 8.771930
250 0.000456 0.043990 600.000000 8.771930
250 0.000444 0.072464 700.000000 8.303678
260 0.000703 0.054785 100.000000 7.751938
260 0.000239 0.039945 200.000000 8.547009
260 0.000718 0.047447 300.000000 8.021390
260 0.000446 0.053894 400.000000 8.064516
260 0.000379 0.068923 500.000000 8.849558
260 0.000601 0.049543 600.000000 8.810573
260 0.000565 0.048696 700.000000 8.313540
270 0.000626 0.044662 100.000000 7.874016
270 0.000202 0.033636 200.000000 8.658009
270 0.000729 0.062610 300.000000 7.692307
270 0.000528 0.085797 400.000000 8.130081
270 0.000444 0.103662 500.000000 8.928572
270 0.000697 0.066026 600.000000 8.823529
270 0.000633 0.048344 700.000000 8.264462
280 0.000784 0.059238 100.000000 7.936508
280 0.000381 0.056654 200.000000 8.771930
280 0.000646 0.090731 300.000000 7.614213
280 0.000585 0.113534 400.000000 8.213552
280 0.000484 0.130657 500.000000 9.009009
280 0.000767 0.077546 600.000000 8.784773
280 0.000738 0.045102 700.000000 7.803791
290 0.000537 0.047425 100.000000 8.064516
290 0.000451 0.045512 200.000000 8.849558
290 0.000669 0.083471 300.000000 7.614213
290 0.000579 0.109590 400.000000 8.281573
290 0.000487 0.128534 500.000000 9.057971
290 0.000788 0.067230 600.000000 8.403361
300 0.000440 0.020717 100.000000 8.196721
300 0.000325 0.022061 200.000000 8.928572
300 0.000641 0.066426 300.000000 7.633588
300 0.000555 0.097028 400.000000 8.368201
300 0.000489 0.119325 500.000000 9.074410
300 0.000727 0.059501 600.000000 8.321775
310 0.000415 0.017644 100.000000 8.333333
310 0.000369 0.028065 200.000000 8.888889
310 0.000654 0.074077 300.000000 7.672634
310 0.000546 0.103979 400.000000 8.456659
310 0.000620 0.123852 500.000000 9.009009
310 0.000712 0.057839 600.000000 8.310249
320 0.000403 0.011435 100.000000 8.474576
320 0.000461 0.013783 200.000000 8.849558
320 0.000605 0.063821 300.000000 7.731959
320 0.000505 0.092310 400.000000 8.547009
320 0.000680 0.108847 500.000000 8.944544
320 0.000725 0.049125 600.000000 8.321775
330 0.000618 0.016299 100.000000 8.620689
330 0.000713 0.019946 200.000000 8.849558
330 0.000587 0.068652 300.000000 7.772021
330 0.000535 0.098170 400.000000 8.620689
330 0.000636 0.108098 500.000000 8.912656
330 0.000716 0.051295 600.000000 8.333333
340 0.000856 0.035580 100.000000 8.695652
340 0.000788 0.040232 200.000000 8.849558
340 0.000698 0.088338 300.000000 7.832898
340 0.000594 0.117713 400.000000 8.714597
340 0.000703 0.119124 500.000000 8.912656
340 0.000703 0.059495 600.000000 8.356546
350 0.000645 0.038234 100.000000 8.849558
350 0.000866 0.047715 200.000000 8.771930
350 0.000705 0.097505 300.000000 7.894737
350 0.000597 0.124564 400.000000 8.810573
350 0.000665 0.116304 500.000000 8.928572
350 0.000704 0.058005 600.000000 8.368201
360 0.000333 0.027846 100.000000 8.928572
360 0.000820 0.043655 200.000000 8.771930
360 0.000712 0.091678 300.000000 7.936508
360 0.000575 0.117701 400.000000 8.888889
360 0.000645 0.102808 500.000000 8.960573
360 0.000697 0.055660 600.000000 8.391608
370 0.000503 0.034524 100.000000 9.090909
370 0.000722 0.026275 200.000000 8.733624
370 0.000644 0.067051 300.000000 8.000000
370 0.000508 0.092672 400.000000 8.988764
370 0.000654 0.078758 500.000000 8.976661
370 0.000621 0.060392 600.000000 8.403361
380 0.000139 0.016336 100.000000 9.259259
380 0.001207 0.049845 200.000000 8.620689
380 0.000677 0.088031 300.000000 8.086253
380 0.000544 0.110453 400.000000 9.070294
380 0.000729 0.081642 500.000000 9.009009
380 0.000660 0.055494 600.000000 8.415147
390 0.000547 0.035889 100.000000 9.433962
390 0.001198 0.086153 200.000000 7.843137
390 0.000733 0.119425 300.000000 8.152174
390 0.000585 0.135858 400.000000 9.174312
390 0.000839 0.089231 500.000000 9.025270
390 0.000753 0.055698 600.000000 8.379889
400 0.000658 0.044422 100.000000 9.615385
400 0.000987 0.102359 200.000000 7.462687
400 0.000739 0.130115 300.000000 8.241758
400 0.000573 0.146714 400.000000 9.237875
400 0.000892 0.087706 500.000000 9.009009
400 0.000790 0.060269 600.000000 8.241758
410 0.000988 0.019814 100.000000 9.708738
410 0.000822 0.084244 200.000000 7.380074
410 0.000635 0.107838 300.000000 8.310249
410 0.000507 0.122898 400.000000 9.302325
410 0.000873 0.061328 500.000000 8.650519
420 0.000761 0.040027 100.000000 9.615385
420 0.000963 0.100052 200.000000 7.352941
420 0.000690 0.126248 300.000000 8.379889
420 0.000580 0.142014 400.000000 9.280743
420 0.000867 0.063491 500.000000 8.319468
430 0.000680 0.025534 100.000000 9.345795
430 0.000837 0.090468 200.000000 7.352941
430 0.000596 0.110840 300.000000 8.474576
430 0.000730 0.124822 400.000000 9.132421
430 0.000803 0.051155 500.000000 8.278146
440 0.000985 0.029375 100.000000 9.090909
440 0.000639 0.064768 200.000000 7.380074
440 0.000551 0.086349 300.000000 8.547009
440 0.000746 0.098795 400.000000 9.009009
440 0.000781 0.051167 500.000000 8.264462
450 0.001229 0.055035 100.000000 8.928572
450 0.000527 0.045932 200.000000 7.407407
450 0.000511 0.068151 300.000000 8.645534
450 0.000598 0.078126 400.000000 8.948545
450 0.000678 0.057620 500.000000 8.264462
460 0.001233 0.041425 100.000000 8.695652
460 0.000736 0.070392 200.000000 7.434944
460 0.000576 0.092567 300.000000 8.746356
460 0.000686 0.088345 400.000000 8.928572
460 0.000713 0.055521 500.000000 8.264462
470 0.001577 0.063906 100.000000 8.474576
470 0.000920 0.105570 200.000000 7.462687
470 0.000666 0.123821 300.000000 8.823529
470 0.000757 0.101198 400.000000 8.928572
470 0.000795 0.057169 500.000000 8.264462
480 0.001938 0.100779 100.000000 8.196721
480 0.001024 0.134528 200.000000 7.518797
480 0.000721 0.147997 300.000000 8.928572
480 0.000926 0.107653 400.000000 8.928572
480 0.000810 0.061476 500.000000 8.250825
490 0.002534 0.119634 100.000000 7.575758
490 0.001019 0.140244 200.000000 7.575758
490 0.000728 0.153378 300.000000 9.009009
490 0.000948 0.102768 400.000000 8.908686
490 0.000809 0.068424 500.000000 8.223684
500 0.001923 0.127892 100.000000 6.172840
500 0.001004 0.139217 200.000000 7.633588
500 0.000708 0.153320 300.000000 9.090909
500 0.000987 0.095169 400.000000 8.869180
500 0.000826 0.079778 500.000000 8.077544
510 0.001498 0.115885 100.000000 5.917160
510 0.001049 0.138877 200.000000 7.692307
510 0.000715 0.158440 300.000000 9.146341
510 0.001015 0.093114 400.000000 8.547009
520 0.001642 0.118497 100.000000 5.882353
520 0.001068 0.144855 200.000000 7.812500
520 0.000737 0.162804 300.000000 9.146341
520 0.000997 0.084750 400.000000 8.048289
530 0.001638 0.127992 100.000000 5.952381
530 0.001033 0.146344 200.000000 7.968128
530 0.000798 0.160209 300.000000 9.090909
530 0.000936 0.075842 400.000000 8.016032
540 0.001500 0.113706 100.000000 6.060606
540 0.000962 0.131279 200.000000 8.130081
540 0.000928 0.141669 300.000000 8.982036
540 0.000896 0.071563 400.000000 8.032128
550 0.001772 0.132684 100.000000 6.134969
550 0.001156 0.161593 200.000000 8.298756
550 0.000917 0.165983 300.000000 8.928572
550 0.000925 0.091965 400.000000 8.064516
560 0.001845 0.139151 100.000000 6.250000
560 0.001226 0.177132 200.000000 8.438819
560 0.000778 0.172789 300.000000 8.928572
560 0.000808 0.108180 400.000000 8.080808
570 0.001646 0.106213 100.000000 6.410256
570 0.001024 0.142393 200.000000 8.658009
570 0.000704 0.136818 300.000000 8.955224
570 0.000677 0.101807 400.000000 8.130081
580 0.002072 0.140748 100.000000 6.535948
580 0.001153 0.174100 200.000000 8.849558
580 0.000716 0.155427 300.000000 9.009009
580 0.000718 0.112184 400.000000 8.163265
590 0.001380 0.082322 100.000000 6.666667
590 0.000778 0.096720 200.000000 9.049774
590 0.000602 0.086162 300.000000 9.063444
590 0.000645 0.091198 400.000000 8.196721
600 0.001297 0.076697 100.000000 6.849315
600 0.000716 0.090319 200.000000 9.259259
600 0.000614 0.084332 300.000000 9.146341
600 0.000543 0.098776 400.000000 8.230453
610 0.001557 0.103591 100.000000 7.092198
610 0.000818 0.113504 200.000000 9.523809
610 0.000454 0.104085 300.000000 9.259259
610 0.000403 0.113549 400.000000 8.281573
620 0.001227 0.087242 100.000000 7.462687
620 0.000606 0.093283 200.000000 9.852217
620 0.000450 0.094312 300.000000 9.404388
620 0.000403 0.113262 400.000000 8.368201
630 0.001128 0.073724 100.000000 7.936508
630 0.000563 0.083655 200.000000 10.256411
630 0.000513 0.088238 300.000000 9.646302
630 0.000453 0.110396 400.000000 8.492569
640 0.001071 0.066547 100.000000 8.547009
640 0.000529 0.079382 200.000000 10.752688
640 0.000554 0.086465 300.000000 9.900990
640 0.000506 0.110086 400.000000 8.620689
650 0.001033 0.062492 100.000000 9.174312
650 0.000515 0.080475 200.000000 11.235955
650 0.000605 0.088554 300.000000 10.135135
650 0.000546 0.111609 400.000000 8.714597
660 0.000792 0.039981 100.000000 9.803922
660 0.000406 0.058858 200.000000 11.764706
660 0.000699 0.076859 300.000000 10.344828
660 0.000597 0.108658 400.000000 8.733624
670 0.000790 0.038871 100.000000 10.416667
670 0.000373 0.058271 200.000000 12.195122
670 0.000889 0.071866 300.000000 10.380623
670 0.000782 0.111277 400.000000 8.492569
680 0.000810 0.047452 100.000000 10.989011
680 0.000388 0.062615 200.000000 12.500000
680 0.000932 0.075555 300.000000 9.677420
690 0.000802 0.043196 100.000000 11.494253
690 0.000347 0.059544 200.000000 12.578616
690 0.000882 0.084908 300.000000 9.090909
700 0.000842 0.055235 100.000000 11.904762
700 0.000739 0.070762 200.000000 12.048193
700 0.000836 0.093892 300.000000 9.009009
710 0.000610 0.041701 100.000000 12.345679
710 0.001111 0.055958 200.000000 11.494253
710 0.000969 0.094003 300.000000 8.955224
720 0.000604 0.045433 100.000000 12.820513
720 0.000864 0.059534 200.000000 11.235955
720 0.000854 0.103203 300.000000 8.902077
730 0.000358 0.024099 100.000000 13.333333
730 0.000923 0.047758 200.000000 11.049724
730 0.000906 0.107873 300.000000 8.875740
740 0.000149 0.013485 100.000000 13.698630
740 0.000963 0.054782 200.000000 10.928962
740 0.000874 0.118717 300.000000 8.823529
750 0.000147 0.010267 100.000000 14.084507
750 0.001144 0.065043 200.000000 10.810811
750 0.000913 0.128593 300.000000 8.746356
760 0.000145 0.014171 100.000000 14.285714
760 0.001314 0.078775 200.000000 10.582010
760 0.000992 0.140212 300.000000 8.426967
770 0.000242 0.005262 100.000000 14.084507
770 0.001459 0.093245 200.000000 8.928572
780 0.000904 0.027036 100.000000 12.500000
780 0.001415 0.114201 200.000000 8.032128
790 0.002347 0.046965 100.000000 10.416667
790 0.001546 0.136148 200.000000 7.812500
800 0.001891 0.069221 100.000000 9.523809
800 0.001334 0.154971 200.000000 7.633588
810 0.001961 0.091394 100.000000 9.009009
810 0.001362 0.172883 200.000000 7.462687
820 0.002278 0.124070 100.000000 8.620689
820 0.001345 0.190522 200.000000 7.272727
830 0.002572 0.155135 100.000000 8.130081
830 0.001482 0.206693 200.000000 6.825939
840 0.002761 0.183202 100.000000 6.211180
850 0.002352 0.191210 100.000000 5.813953
860 0.002003 0.169033 100.000000 5.882353
870 0.001440 0.131398 100.000000 6.024096
880 0.001560 0.129003 100.000000 6.134969
890 0.001445 0.142273 100.000000 6.211180
900 0.000712 0.128092 100.000000 6.289308
910 0.000917 0.135742 100.000000 6.329114
920 0.000872 0.129167 100.000000 6.329114
930 0.000329 0.113153 100.000000 6.289308
940 0.000487 0.107921 100.000000 6.172840
950 0.000499 0.082212 100.000000 5.882353
960 0.000861 0.104735 100.000000 5.128205
970 0.000848 0.129114 100.000000 4.405286
