324.876700 3.421057 0.000000 0.000000
324.876700 3.421002 -0.000507 -0.001198
324.786100 3.419812 0.055960 -0.011434
324.287900 3.420333 0.540955 -0.013899
323.343300 3.420224 1.408081 -0.018122
321.963300 3.420185 2.830474 -0.016545
320.258200 3.420441 4.436210 -0.007924
317.847300 3.420383 6.502031 0.001099
314.941500 3.422155 9.718246 0.015802
311.496300 3.430615 13.047089 0.026108
307.548300 3.425715 16.792219 0.054092
303.547500 3.421194 20.508133 0.044506
299.448000 3.420681 25.034938 0.056700
295.873800 3.420698 27.976896 0.071896
291.750800 3.420722 32.654907 0.086591
287.815500 3.420762 36.612932 0.099576
284.156300 3.420764 40.292661 0.118186
280.381900 3.420700 44.260461 0.140398
276.283900 3.420723 47.838606 0.157515
272.421000 3.420780 51.903907 0.175225
268.537500 3.420791 55.799840 0.194296
264.032400 3.420794 60.309360 0.214140
260.009500 3.420765 64.053974 0.224243
255.946900 3.420736 68.384883 0.244297
252.227200 3.420720 72.338360 0.259513
247.781600 3.420730 76.322661 0.282720
244.461500 3.420761 80.043854 0.313903
240.589700 3.420766 83.985772 0.342732
236.590700 3.420747 87.810977 0.373033
232.477100 3.420767 91.778014 0.408654
228.759100 3.420754 95.077741 0.430550
224.726900 3.420735 99.300722 0.480378
220.867000 3.420728 103.222486 0.520872
217.006100 3.420692 107.097537 0.558725
212.934600 3.420722 110.622442 0.612784
208.833100 3.420726 114.943256 0.695431
204.775500 3.420753 118.579418 0.772749
201.169400 3.420688 122.797986 0.868930
197.221800 3.420786 126.495182 0.951016
193.669900 3.420918 130.049223 1.054897
190.066000 3.420273 133.719750 1.155256
186.639200 3.420222 137.209400 1.258458
183.659900 3.421228 140.245109 1.340481
181.176800 3.421754 142.717727 1.393087
178.511900 3.420501 145.501591 1.430357
175.908500 3.420032 148.176110 1.496606
173.578500 3.420943 150.525032 1.552535
171.351400 3.422227 152.843994 1.596462
169.350300 3.421023 154.841478 1.636098
167.591400 3.419074 156.687394 1.681941
165.672600 3.420728 158.631839 1.732616
163.440100 3.420643 160.744393 1.758813
160.824600 3.420129 163.378623 1.808710
157.356700 3.419998 166.578854 1.879029
153.423000 3.421129 170.645010 1.998860
149.769900 3.420805 174.291622 2.091418
145.682100 3.420663 178.362391 2.200040
142.451200 3.420794 181.827559 2.312547
138.402300 3.420744 185.610115 2.433770
134.492900 3.420755 189.623837 2.540309
130.653800 3.420759 193.248912 2.645157
127.017000 3.421432 196.891011 2.767779
123.303900 3.421373 200.601988 2.886362
120.232500 3.420262 203.852816 2.985382
116.986900 3.419936 206.797366 3.057571
114.086200 3.420666 209.817870 3.174762
111.652600 3.422554 212.202226 3.257924
110.719300 3.423571 213.425573 3.332197
110.809300 3.421053 213.442949 3.280630
110.791700 3.421314 213.446790 3.293820
110.799100 3.421133 213.469818 3.286410
110.802000 3.421059 213.496173 3.280720
110.803400 3.421003 213.468336 3.287215
110.804000 3.420972 213.445300 3.269587
110.804200 3.420954 213.431014 3.271424
110.711300 3.419840 213.480081 3.285224
110.251600 3.420250 213.915184 3.306936
109.269800 3.420213 214.928977 3.325482
107.896000 3.420290 216.304998 3.361580
106.215900 3.420284 217.799174 3.416130
104.035600 3.421883 219.884337 3.495994
102.163600 3.419747 221.809188 3.535452
100.541600 3.420158 223.546511 3.607747
98.588620 3.420851 225.500635 3.636762
96.166680 3.420100 227.944658 3.698069
93.583400 3.419444 230.506651 3.777635
90.862030 3.419591 233.469040 3.891295
88.618600 3.419633 235.931128 4.042059
87.550220 3.453018 237.295807 4.189901
87.607160 3.485653 237.620076 4.314549
87.494770 3.443444 237.573818 4.231577
87.505390 3.440786 237.561617 4.215373
87.429690 3.441803 237.642128 4.220833
87.296460 3.442347 237.783218 4.230713
87.292420 3.439335 237.820383 4.227542
87.304180 3.441372 237.786271 4.227496
87.302700 3.440930 237.827025 4.222340
87.301120 3.440245 237.875486 4.218807
87.300260 3.439576 237.859937 4.212704
87.298770 3.438708 237.880996 4.207679
87.297240 3.437818 237.931929 4.207556
87.295830 3.436929 237.904481 4.201965
87.295690 3.436452 237.924446 4.201770
87.296230 3.436298 237.908196 4.195890
87.297260 3.436294 237.911940 4.200642
87.298130 3.436244 237.896955 4.207633
87.299240 3.436193 237.935138 4.207433
87.300380 3.436212 237.904217 4.204045
87.318760 3.445208 237.858111 4.211988
87.450190 3.444303 237.766124 4.211762
87.678590 3.441877 237.580553 4.161236
87.891230 3.442250 237.452833 4.139469
88.001630 3.418826 237.309822 4.113949
88.094860 3.419672 237.219399 4.081138
88.072220 3.421298 237.149525 4.100331
88.086560 3.422000 237.156289 4.106484
88.266450 3.421995 237.028504 4.088203
88.564560 3.420440 236.769234 4.037671
88.795020 3.421067 236.469736 4.000896
89.011220 3.420768 236.252283 3.968304
89.180740 3.422821 236.117696 3.929503
89.257320 3.422383 236.019031 3.918167
89.242460 3.422402 236.045037 3.915339
89.122370 3.422429 236.180683 3.932921
88.926540 3.419415 236.377959 3.962299
88.620470 3.420241 236.630452 4.000021
88.240720 3.420290 236.973249 4.068710
87.908590 3.420252 237.373025 4.152596
87.647720 3.437088 237.734092 4.265637
87.436530 3.442630 238.016063 4.385363
87.400170 3.471582 238.129799 4.573076
87.421720 3.468414 238.138112 4.698096
87.702710 3.419939 237.826503 4.771943
88.133260 3.421685 237.419335 4.887115
88.476150 3.421175 236.986519 5.009283
88.796210 3.420670 236.624168 5.137421
89.008000 3.420076 236.338432 5.249628
89.124630 3.420960 236.146994 5.368154
89.197460 3.421790 236.035989 5.442676
89.204090 3.421578 235.989956 5.531298
89.191520 3.420333 235.972616 5.604721
89.149980 3.420878 235.977924 5.696870
89.127470 3.423905 235.975131 5.767677
89.130850 3.420905 235.971168 5.704894
89.130580 3.421329 235.983927 5.712907
89.130710 3.421126 235.979669 5.707462
89.130760 3.421026 235.983589 5.702049
89.130780 3.421011 235.994314 5.701929
89.130800 3.420965 235.979613 5.693249
89.130810 3.420938 235.982017 5.695123
89.130810 3.420951 235.967291 5.696511
89.130810 3.420926 235.978436 5.684640
89.130810 3.420937 235.991504 5.670526
89.130810 3.420956 235.995910 5.660300
89.130810 3.420941 235.997136 5.657802
89.130810 3.420932 235.988705 5.648751
89.130810 3.420932 235.986516 5.648128
89.130810 3.420958 235.983069 5.645731
89.130810 3.420923 236.004594 5.648617
89.130810 3.420938 236.014491 5.638881
89.130810 3.420929 236.025265 5.632747
89.130810 3.420953 236.043314 5.632286
89.130810 3.420943 236.068318 5.639138
89.130810 3.420949 236.075593 5.619957
89.130810 3.420935 236.112738 5.611423
89.130810 3.420955 236.118123 5.610571
89.130810 3.420946 236.134303 5.600622
89.130810 3.420943 236.133102 5.592228
89.130810 3.420956 236.144075 5.575879
89.130810 3.420977 236.120293 5.571896
89.130810 3.420978 236.120861 5.564990
89.130810 3.420939 236.140387 5.559689
89.130810 3.420967 236.133484 5.550152
89.130810 3.420955 236.140240 5.542385
89.130810 3.420959 236.131552 5.538367
89.130810 3.420938 236.137967 5.523094
89.130810 3.420939 236.135020 5.527579
89.130810 3.420947 236.131758 5.517618
89.130810 3.420928 236.132259 5.518361
89.130810 3.420945 236.127108 5.515975
89.130810 3.420941 236.144170 5.514237
89.130810 3.420945 236.122342 5.505009
89.130810 3.420937 236.135984 5.500107
89.130810 3.420949 236.129108 5.493143
89.130810 3.420928 236.135094 5.485125
89.130810 3.420924 236.121003 5.480425
89.130810 3.420954 236.113167 5.470872
89.130810 3.420930 236.127732 5.474346
89.130810 3.420949 236.127028 5.476874
89.130810 3.420929 236.136918 5.470431
89.130810 3.420929 236.136910 5.465237
89.130810 3.420945 236.153775 5.454337
89.130810 3.420953 236.199774 5.458767
89.130810 3.420935 236.195039 5.435395
89.130810 3.420962 236.213539 5.431209
89.130810 3.420934 236.195252 5.432269
89.130810 3.420967 236.185837 5.422443
89.130810 3.420961 236.178784 5.415859
89.130810 3.420942 236.168493 5.413823
89.130810 3.420962 236.162282 5.404035
89.130810 3.420962 236.160894 5.395477
89.130810 3.420949 236.175734 5.389395
89.130810 3.420932 236.227209 5.382813
89.130810 3.420957 236.235523 5.387259
89.130810 3.420937 236.238127 5.377031
89.130810 3.420961 236.248178 5.374430
89.130810 3.420955 236.262218 5.366748
89.130810 3.420950 236.258950 5.369825
89.130810 3.420941 236.279148 5.360707
89.128550 3.419839 236.297308 5.353963
89.115310 3.420180 236.325309 5.373646
89.090510 3.420230 236.361739 5.407938
89.051440 3.420235 236.393870 5.462700
88.995090 3.420274 236.459865 5.528705
88.931240 3.422777 236.511767 5.628533
88.875400 3.419960 236.585097 5.657687
88.806710 3.419877 236.673189 5.755245
88.750770 3.420192 236.792925 5.849653
89.082100 3.419059 236.651330 5.942497
90.534060 3.417929 235.543679 5.976012
93.263080 3.419043 233.412246 5.918737
96.737370 3.420163 230.033228 5.713813
97.991880 3.462098 228.551052 5.633980
97.613590 3.447169 228.945323 5.622527
97.685910 3.441357 228.947799 5.615550
98.157050 3.441883 228.449067 5.575401
98.370540 3.439121 228.231301 5.555382
98.408390 3.441370 228.244229 5.554233
98.408260 3.440560 228.139709 5.534973
98.410790 3.439923 228.100208 5.515107
98.413320 3.439225 228.111746 5.510994
98.416110 3.438349 228.088952 5.500322
98.310620 3.445275 228.228154 5.520717
97.762200 3.441879 228.708735 5.517167
97.287790 3.418382 229.201541 5.544042
96.887070 3.420400 229.626538 5.557528
97.012600 3.421095 229.618427 5.557619
97.123940 3.421935 229.503239 5.553722
96.730850 3.421933 229.748210 5.561800
95.786000 3.420902 230.729470 5.631452
94.770760 3.421056 231.733232 5.695100
93.858670 3.420808 232.597640 5.753521
93.199160 3.419826 233.304937 5.787347
92.915050 3.420159 233.643524 5.808983
93.083080 3.420153 233.517660 5.788958
93.633540 3.420190 233.059920 5.759504
94.523150 3.420201 232.235678 5.697706
95.822850 3.420237 230.981126 5.596829
97.636760 3.420274 229.290188 5.455672
99.755470 3.433923 227.139817 5.289097
102.538800 3.441383 224.521992 5.088834
105.648600 3.471797 221.355248 4.894320
109.173400 3.466682 217.908644 4.611360
112.978500 3.466173 214.334244 4.312743
116.392900 3.442097 210.831057 4.010478
120.094900 3.417664 207.179212 3.660635
123.835900 3.420738 203.460918 3.365402
127.467200 3.420975 199.714892 3.059475
130.904600 3.420716 196.213825 2.770902
134.467800 3.420742 192.881974 2.505375
138.071300 3.420758 189.294647 2.219860
141.708500 3.420722 185.510510 1.931662
145.508400 3.420720 181.819202 1.649720
148.967900 3.420731 178.164002 1.368219
152.670900 3.420782 174.587479 1.106574
156.497000 3.420744 170.792166 0.828510
160.142900 3.420738 167.169420 0.562118
163.795300 3.420762 163.690275 0.328070
167.436700 3.420776 159.998908 0.058188
171.278000 3.420770 156.273627 -0.204215
174.879500 3.420714 152.633120 -0.462390
178.599700 3.420762 148.889086 -0.726857
182.463000 3.420764 144.941397 -1.002437
185.825500 3.420740 141.764012 -1.217013
189.611700 3.420740 137.971128 -1.482841
193.239900 3.420745 134.083182 -1.760047
196.895800 3.420748 130.676139 -1.988243
200.357100 3.420721 127.081488 -2.235051
203.753700 3.420730 123.652561 -2.465322
207.375600 3.420778 120.281992 -2.700400
211.001400 3.420756 116.634643 -2.944166
214.636700 3.420758 112.952857 -3.188118
218.229400 3.420758 109.401355 -3.429568
221.870900 3.420750 105.734795 -3.667035
225.298600 3.420730 102.217534 -3.898051
228.909100 3.420727 98.551482 -4.142121
232.721800 3.420762 94.958286 -4.383808
236.085700 3.420750 91.417288 -4.628482
239.697800 3.420752 87.804687 -4.872381
243.495100 3.420731 84.050822 -5.120709
247.241100 3.420765 80.552057 -5.366062
250.991800 3.420799 76.894995 -5.611158
255.083000 3.420775 72.918120 -5.879824
258.684600 3.420725 69.191413 -6.122893
262.740900 3.420746 65.417143 -6.355123
266.393900 3.420757 61.718464 -6.581416
269.960100 3.420751 58.207206 -6.786419
273.395400 3.420797 54.543269 -7.008242
277.038000 3.420699 50.974813 -7.219530
280.425900 3.420745 47.500946 -7.418791
284.011400 3.420700 44.182572 -7.610758
287.753100 3.420726 40.449986 -7.814065
291.306900 3.420756 36.724925 -8.015552
295.461600 3.420768 32.888225 -8.207039
299.344100 3.420923 29.012103 -8.402402
302.683000 3.419933 25.384321 -8.584839
306.001500 3.420539 22.187596 -8.723412
308.939200 3.421796 19.218145 -8.876185
311.661300 3.422037 16.480315 -9.020863
313.031500 3.426140 14.945433 -9.044249
312.880700 3.419711 14.962924 -9.115935
312.934200 3.421294 14.999393 -9.091573
312.926000 3.421149 15.045747 -9.097547
312.922500 3.421038 15.092581 -9.095513
