131.523700 3.385708 0.000000 0.000000
131.523200 3.385602 0.026373 -0.009444
131.501100 3.385603 0.261761 -0.014408
131.455400 3.385544 0.900730 -0.025432
131.425500 3.393562 1.891806 -0.028781
131.385600 3.400501 3.386133 -0.038305
131.345300 3.406549 5.237284 -0.047089
131.362600 3.415179 7.341798 -0.043336
131.361300 3.410905 9.751928 -0.069967
131.361900 3.393530 12.580684 -0.102881
131.395400 3.385066 15.195907 -0.139102
131.437800 3.385855 17.005013 -0.158596
131.442400 3.385529 17.550243 -0.175480
131.446700 3.385593 17.563581 -0.182608
131.463500 3.385515 17.917578 -0.179284
131.491800 3.385555 18.701921 -0.177859
131.536400 3.385642 20.002972 -0.181880
131.596900 3.385532 21.660591 -0.183418
131.670100 3.385577 23.739072 -0.184659
131.742200 3.385545 26.016835 -0.191453
131.825900 3.385621 27.925865 -0.189838
131.963800 3.385522 30.069523 -0.184943
132.425400 3.385513 32.581292 -0.181849
133.872300 3.385524 34.345587 -0.169400
136.657700 3.385555 36.107697 -0.138123
139.849100 3.419523 37.606659 -0.093307
143.609400 3.413738 39.013124 0.046117
147.123100 3.433131 39.186708 0.243249
151.125600 3.431313 38.829031 0.462546
155.313700 3.397176 38.476753 0.597971
158.647200 3.383218 38.128373 0.727881
162.426000 3.385349 37.784882 0.809721
165.983100 3.385699 37.100596 1.022489
168.290900 3.385788 36.670321 1.154751
171.253600 3.385704 36.136421 1.324066
174.218700 3.385713 35.729623 1.456790
176.452800 3.385532 35.476475 1.529905
179.062400 3.385430 35.182846 1.619107
181.241100 3.385723 35.051735 1.681774
183.242000 3.385766 34.753610 1.797130
185.226600 3.385740 34.548838 1.898524
187.365100 3.385470 34.548899 1.978614
189.390600 3.385450 34.857338 2.050934
190.663100 3.385338 35.353729 2.119822
191.195500 3.385403 35.855385 2.212987
191.292300 3.385531 37.654695 2.299014
190.955800 3.385490 41.100323 2.382718
190.463600 3.385354 44.521482 2.443674
189.955700 3.385275 50.014779 2.504153
189.522500 3.385655 57.313198 2.561508
189.175000 3.385517 61.123640 2.580154
188.997300 3.385638 66.751350 2.601049
188.926300 3.385756 70.371895 2.609284
188.914300 3.385490 75.647136 2.724212
188.906600 3.384990 79.976008 2.817486
188.573300 3.384084 82.039343 2.822376
186.443600 3.383791 87.669978 3.004151
183.116000 3.384588 91.393257 3.127904
178.661300 3.385659 96.688513 3.148484
174.705400 3.385535 99.315589 2.928734
170.786600 3.385731 100.322923 2.660608
167.112300 3.385673 100.701841 2.447330
163.219200 3.385477 100.980770 2.109396
159.297900 3.385458 101.047646 1.764249
155.660300 3.385579 101.057914 1.481798
151.104800 3.385380 101.100406 1.250740
146.681600 3.385448 101.178382 1.043531
141.629400 3.385533 101.335274 0.731599
135.458200 3.385088 101.528762 0.271384
127.685800 3.385325 102.106255 -0.263056
119.507800 3.385523 102.644155 -0.602338
112.237500 3.385556 103.387992 -0.975761
105.473300 3.385504 104.600745 -1.506459
99.637470 3.385466 105.590090 -1.967529
94.023830 3.385510 106.647174 -2.449660
89.249190 3.385507 107.342449 -2.780746
84.569280 3.385526 107.896621 -3.068003
80.285810 3.385587 108.471253 -3.378315
75.979370 3.385328 108.872298 -3.628415
72.187330 3.385537 109.372991 -3.937961
69.396060 3.385411 109.654270 -4.143195
66.306180 3.385622 109.903754 -4.332223
63.269540 3.385474 110.138559 -4.459067
60.317240 3.385494 110.564728 -4.667869
57.806950 3.385617 112.244157 -4.862887
55.548890 3.385547 112.430288 -5.011803
53.405100 3.385644 111.245746 -5.222054
51.238590 3.385515 111.373787 -5.457350
48.718600 3.385506 111.607833 -5.691882
45.000570 3.385490 111.757218 -5.851661
41.536390 3.385585 112.020094 -6.014127
37.902390 3.385652 112.452983 -6.287308
34.017700 3.385418 112.823940 -6.625603
29.863370 3.385711 113.190022 -6.944767
25.404290 3.385646 113.433352 -7.184110
21.529300 3.385518 113.563468 -7.389149
17.267430 3.385596 114.177375 -7.873745
13.649130 3.385623 114.541688 -8.140313
10.230430 3.385694 114.838043 -8.366698
6.501542 3.385642 115.133713 -8.592763
3.195971 3.384741 115.500161 -8.843844
-0.046153 3.383541 115.844896 -9.098671
-2.989614 3.383399 116.071751 -9.268182
-4.836120 3.383750 116.287628 -9.470667
-5.250260 3.385390 115.214478 -9.765910
-5.157081 3.385484 112.849939 -9.987313
-4.795730 3.385331 109.049056 -10.168116
-4.394200 3.385467 105.403040 -10.287714
-3.936531 3.385425 100.478450 -10.442079
-3.526469 3.385635 97.928129 -10.526877
-3.127567 3.385603 94.650835 -10.655445
-2.870370 3.385656 90.768693 -10.749009
-2.711051 3.385603 85.340963 -10.927704
-2.641474 3.385586 78.274383 -11.175226
-2.660847 3.385635 73.700184 -11.341485
-2.724022 3.385496 69.552021 -11.501587
-2.834241 3.385658 66.697206 -11.625418
-2.962174 3.385534 62.999534 -11.806024
-3.091290 3.385488 59.744824 -11.943148
-3.216063 3.385667 57.113947 -12.081515
-3.342078 3.385645 52.533320 -12.294176
-3.463061 3.385559 46.646456 -12.584807
-3.582431 3.385484 43.841855 -12.744086
-3.673257 3.385673 41.020199 -12.889616
-3.752481 3.385627 38.917427 -12.988657
-3.805103 3.385715 32.824382 -13.235606
-3.840339 3.385748 30.426474 -13.321937
-3.851259 3.385543 27.798546 -13.410284
-3.851710 3.385642 26.431579 -13.473701
-3.851706 3.385559 25.194726 -13.532175
-3.851702 3.385566 25.227869 -13.540266
-3.851703 3.385499 24.895375 -13.529700
-3.851701 3.385538 24.954053 -13.518019
-3.851702 3.385514 24.789549 -13.589837
-3.851702 3.385544 29.076174 -13.453169
-3.851700 3.385601 29.120835 -13.397282
-3.851700 3.385637 29.047359 -13.378119
-3.851700 3.385633 29.168541 -13.365220
-3.851700 3.385629 29.348164 -13.372788
-3.851700 3.385638 29.309388 -13.387525
-3.851700 3.385634 29.252208 -13.398334
-3.851700 3.385627 29.192576 -13.413269
-3.851700 3.385626 29.250293 -13.423580
-3.851700 3.385634 29.242039 -13.438518
-3.851700 3.385655 29.257078 -13.457645
-3.851701 3.385592 29.244833 -13.464892
-3.851701 3.385547 29.359603 -13.487189
-3.851701 3.385537 29.141134 -13.505729
-3.851701 3.385475 29.387022 -13.499056
-3.851701 3.385584 29.715922 -13.502115
-3.851701 3.385634 29.864059 -13.412357
-3.851701 3.385633 29.886531 -13.409339
-3.851701 3.385633 29.766623 -13.413119
-3.851701 3.385635 29.892715 -13.432742
-3.851701 3.385596 30.031870 -13.436338
-3.851701 3.385546 29.924446 -13.442854
-3.851701 3.385527 27.946929 -13.470186
-3.851701 3.385534 27.835374 -13.451014
-3.851701 3.385535 27.719863 -13.479071
-3.851701 3.385538 27.840221 -13.420461
-3.851701 3.385494 27.934128 -13.375324
-3.851701 3.385504 27.865021 -13.361877
-3.851701 3.385506 27.643601 -13.374789
-3.851701 3.385524 27.546489 -13.328965
-3.851701 3.385524 27.355170 -13.349532
-3.851701 3.385489 26.628786 -13.362543
-3.851701 3.385470 26.012272 -13.385314
-3.851701 3.385478 26.115600 -13.399883
-3.851701 3.385478 25.907259 -13.438160
-3.851701 3.385503 17.244642 -13.494507
-3.853185 3.385430 17.206002 -13.503419
-3.858635 3.385421 17.089673 -13.543308
-3.866382 3.385427 10.437702 -13.556874
-3.871693 3.385390 8.536867 -13.587193
-3.869564 3.385469 8.033422 -13.605006
-3.849303 3.385525 6.852938 -13.550248
-3.775676 3.385422 4.654864 -13.535554
-3.447307 3.385428 2.872056 -13.537294
-2.519717 3.385735 0.128807 -13.492338
0.032871 3.385560 -1.386819 -13.498846
3.810843 3.385629 -3.500156 -13.476865
8.023160 3.385656 -8.990009 -13.607751
12.164080 3.385717 -13.804726 -14.058151
15.523700 3.385583 -15.025009 -14.253290
19.188650 3.385552 -16.487429 -14.500233
22.397430 3.385529 -17.654403 -14.700790
25.497640 3.385603 -19.023692 -14.950385
28.070070 3.385682 -19.863801 -15.103938
30.732100 3.385559 -20.699354 -15.260634
33.105470 3.385568 -21.677078 -15.439363
35.563610 3.385747 -22.674398 -15.620250
37.978680 3.385796 -23.638302 -15.770633
40.775350 3.385623 -24.318132 -15.875042
43.103520 3.385655 -25.254933 -16.029179
44.380820 3.385580 -25.280501 -16.214322
44.407880 3.385732 -24.043667 -16.382463
43.722280 3.385740 -21.677401 -16.510186
43.065110 3.385545 -17.974765 -16.608515
42.494720 3.385679 -13.413537 -16.697214
41.947600 3.385570 -11.305826 -16.734207
41.551240 3.385798 -8.402903 -16.794487
41.382240 3.385760 -5.748705 -16.876245
41.356740 3.385514 -2.815751 -16.946493
41.356620 3.385569 -1.964104 -16.970466
41.356640 3.385586 -1.968396 -16.967132
41.356650 3.385542 -1.952469 -16.987120
41.356660 3.385534 -1.842367 -17.004941
41.356660 3.385555 -1.780956 -17.015717
41.356660 3.385608 -1.828638 -17.017010
41.356660 3.385672 -1.748319 -17.025001
41.356660 3.385664 -1.745875 -17.030297
41.356660 3.385603 -1.863844 -17.051430
41.356660 3.385570 -1.813647 -17.053553
41.356660 3.385518 -1.647710 -17.067917
41.356660 3.385497 -1.715568 -17.062877
41.356660 3.385592 -1.507018 -17.063700
41.356660 3.385664 -1.797778 -17.067797
41.356660 3.385662 -1.619338 -17.039274
41.356660 3.385668 -1.636245 -17.045727
41.356660 3.385660 -1.619545 -17.044060
41.356660 3.385669 -1.639594 -17.047082
41.356660 3.385677 -1.593277 -17.049596
41.356660 3.385685 -1.605883 -17.052335
41.356660 3.385682 -1.610529 -17.054482
41.356660 3.385674 -1.615987 -17.058821
41.356660 3.385703 -1.614455 -17.062864
41.356660 3.385676 -1.594622 -17.065858
41.356660 3.385664 -1.567105 -17.070406
41.356660 3.385693 -1.548142 -17.072837
41.356660 3.385683 -1.566986 -17.079045
41.356590 3.385682 -1.551421 -17.079864
41.340460 3.385629 -1.446030 -17.086803
41.281450 3.385686 -0.893023 -17.102246
41.213850 3.385757 -0.028923 -17.112205
41.122260 3.385681 1.159358 -17.130348
41.083440 3.385662 2.546015 -17.142733
41.174320 3.385715 4.253037 -17.179510
41.498360 3.385696 5.951758 -17.215432
42.160750 3.385669 7.372828 -17.224817
43.690050 3.385576 9.339791 -17.236098
46.506070 3.385684 10.789499 -17.270159
50.056550 3.385661 12.028428 -17.288888
54.358470 3.420864 13.671623 -17.325234
57.566470 3.428264 13.561306 -17.376441
62.261900 3.432177 12.775021 -17.384576
66.427530 3.416347 10.024226 -17.385174
70.760360 3.382879 8.091954 -17.417347
75.122580 3.385221 6.533143 -17.452432
79.375860 3.385518 4.493939 -17.490946
83.192480 3.385622 1.744650 -17.510952
87.638060 3.385659 -0.195998 -17.533472
91.891360 3.385607 -2.745397 -17.540194
95.886180 3.385707 -4.552116 -17.539368
99.884160 3.385747 -6.259606 -17.545079
103.658700 3.385720 -8.657691 -17.552700
107.112300 3.385707 -10.599904 -17.535405
110.172200 3.385733 -12.269098 -17.517930
113.035700 3.385695 -13.651710 -17.501478
115.273200 3.385837 -14.663661 -17.484508
115.805800 3.385645 -15.492669 -17.466444
115.806400 3.385654 -16.005853 -17.456956
115.806200 3.385652 -16.075106 -17.451671
115.806100 3.385663 -16.056606 -17.445968
115.806000 3.385673 -16.039302 -17.440451
115.806000 3.385673 -16.038818 -17.441403
115.806000 3.385697 -16.041754 -17.440985
115.806000 3.385592 -16.018698 -17.445023
115.806000 3.385601 -16.048220 -17.452939
115.806000 3.385529 -16.083242 -17.451701
115.806000 3.385505 -16.087393 -17.447831
115.806000 3.385481 -16.258667 -17.449506
115.806000 3.385471 -16.336267 -17.445140
115.806000 3.385458 -16.332012 -17.437195
115.806000 3.385461 -16.323687 -17.454261
115.806000 3.385476 -16.338476 -17.442093
115.806000 3.385464 -16.351169 -17.466269
115.806000 3.385461 -16.962324 -17.480196
115.806000 3.385481 -17.003903 -17.493143
115.806000 3.385615 -17.063169 -17.500038
115.806000 3.385649 -17.239678 -17.500764
115.806000 3.385669 -17.213345 -17.494721
115.806000 3.385675 -17.195110 -17.498884
115.806000 3.385677 -17.195977 -17.494649
115.806000 3.385673 -17.197296 -17.495136
115.806000 3.385668 -17.185299 -17.500577
115.806000 3.385656 -17.177840 -17.512505
115.806000 3.385648 -17.172800 -17.518522
115.806000 3.385537 -17.174804 -17.513897
115.806000 3.385490 -17.171725 -17.512165
115.806000 3.385478 -17.195052 -17.533044
115.806000 3.385507 -17.229982 -17.546005
115.806000 3.385633 -17.260398 -17.552814
115.806000 3.385653 -17.249197 -17.560309
115.806000 3.385662 -17.219462 -17.558977
115.806000 3.385669 -17.231129 -17.561634
115.806000 3.385678 -17.231410 -17.559225
115.806000 3.385671 -17.236608 -17.564551
115.806000 3.385663 -17.238552 -17.564505
115.806000 3.385672 -17.241772 -17.568691
115.806000 3.385570 -17.242740 -17.576098
115.806000 3.385523 -17.233602 -17.577481
115.806000 3.385480 -17.209505 -17.576860
115.806000 3.385475 -17.210062 -17.613202
115.806000 3.385474 -17.213020 -17.625925
115.806000 3.385464 -17.257560 -17.642907
115.806000 3.385458 -17.224128 -17.624500
115.806000 3.385461 -17.274889 -17.618141
115.806000 3.385467 -17.209916 -17.615497
115.806000 3.385462 -17.220975 -17.608792
115.806000 3.385458 -17.194064 -17.617993
115.806000 3.385458 -17.298825 -17.603318
115.806000 3.385450 -17.351680 -17.613511
115.806000 3.385449 -17.436808 -17.619439
115.806000 3.385451 -17.485824 -17.650322
115.806000 3.385456 -17.461636 -17.662267
115.806000 3.385457 -17.431547 -17.651827
115.806000 3.385461 -17.458913 -17.685328
115.806000 3.385467 -17.451811 -17.701429
115.806000 3.385616 -17.480941 -17.704751
115.806000 3.385598 -17.505509 -17.724721
115.806000 3.385515 -17.509490 -17.724327
115.930500 3.385502 -17.515404 -17.718032
116.540200 3.385475 -17.535851 -17.742389
117.770900 3.385506 -17.663072 -17.752303
119.405000 3.385533 -17.909789 -17.761602
121.520200 3.385493 -18.307224 -17.775977
124.152100 3.385548 -19.016712 -17.824435
126.419100 3.385465 -20.036818 -17.875245
129.128200 3.385479 -21.209488 -17.943341
132.492500 3.385421 -22.102450 -17.997263
136.109500 3.385732 -23.243036 -18.080123
140.347900 3.385670 -24.522659 -18.115978
144.220600 3.385607 -26.664903 -18.194874
148.249400 3.385565 -29.484595 -18.305425
151.827400 3.385531 -30.823110 -18.358855
156.118000 3.385501 -31.908585 -18.409608
160.407300 3.385743 -34.179598 -18.503951
163.961200 3.385739 -36.488614 -18.595548
167.236600 3.385609 -38.004474 -18.666960
170.510700 3.385713 -39.914879 -18.751691
172.257500 3.385687 -41.990947 -18.835187
172.558500 3.385663 -42.988077 -18.877593
172.558700 3.385645 -43.262680 -18.889840
172.558500 3.385654 -43.252009 -18.891221
172.558400 3.385641 -43.245464 -18.894145
172.558400 3.385669 -43.254535 -18.898392
172.558400 3.385695 -43.240485 -18.871090
172.558400 3.385669 -43.218131 -18.868817
172.558400 3.385694 -43.178152 -18.858629
172.558400 3.385683 -43.155308 -18.855906
172.558400 3.385665 -43.140125 -18.856178
172.558400 3.385612 -43.110805 -18.842664
172.558400 3.385672 -43.092312 -18.840145
172.558400 3.385668 -43.072648 -18.835134
172.558400 3.385647 -43.054407 -18.837391
172.558400 3.385590 -43.035850 -18.817695
172.558400 3.385566 -43.027809 -18.815224
