-2.063163 2.917522 0.000000 0.000000
-2.138060 2.917577 0.103124 -0.004940
-2.363162 2.917293 0.266100 -0.011181
-2.860656 2.917351 0.727122 -0.009596
-3.566337 2.917394 1.307988 -0.013931
-4.515141 2.917375 2.198072 -0.013391
-5.670968 2.917446 3.242265 -0.013202
-7.007950 2.917432 4.303721 -0.010129
-8.567558 2.917452 5.834000 -0.002308
-10.419620 2.917457 7.605820 0.005524
-12.456570 2.917442 9.574150 0.030277
-14.798200 2.917539 11.869526 0.039377
-17.059110 2.917500 13.907282 0.064115
-19.713100 2.917486 16.539717 0.098545
-22.487740 2.917629 19.268021 0.145224
-25.289990 2.917439 22.207857 0.181188
-27.701660 2.917453 24.756850 0.229280
-30.016770 2.917693 27.105798 0.269531
-32.065200 2.916040 29.096571 0.315646
-32.210760 2.918039 29.500834 0.306884
-32.237000 2.918068 29.530878 0.292703
-32.230560 2.918173 29.326409 0.285079
-32.223550 2.917845 29.281897 0.275868
-32.220440 2.917710 29.397701 0.276848
-32.218840 2.917605 29.301591 0.273959
-32.217870 2.917590 29.262894 0.270895
-32.217470 2.917544 29.261428 0.267329
-32.217240 2.917536 29.279552 0.261699
-32.217130 2.917548 29.273281 0.255670
-32.217080 2.917538 29.128745 0.246080
-32.217040 2.917540 29.090092 0.241017
-32.217020 2.917545 29.059080 0.233090
-32.217010 2.917565 29.062546 0.243878
-32.217000 2.917567 29.028657 0.243480
-32.217000 2.917537 28.916247 0.235318
-32.217000 2.917542 28.980765 0.238147
-32.217000 2.917555 28.912353 0.228759
-32.217000 2.917522 28.746497 0.222004
-32.217000 2.917545 28.667928 0.219559
-32.217000 2.917548 28.632610 0.216167
-32.217000 2.917537 28.542448 0.208786
-32.217000 2.917523 28.580055 0.211940
-32.217000 2.917529 28.586327 0.215113
-32.217000 2.917524 28.556591 0.202276
-32.217000 2.917527 28.611377 0.201073
-32.217000 2.917521 28.622462 0.188921
-32.217000 2.917550 28.530049 0.189755
-32.217000 2.917551 28.495021 0.187508
-32.217000 2.917518 28.401077 0.189629
-32.217000 2.917526 28.411577 0.181243
-32.217000 2.917547 28.382114 0.175931
-32.217000 2.917553 28.241562 0.172708
-32.217000 2.917554 28.173042 0.168642
-32.217000 2.917542 28.189954 0.165626
-32.217000 2.917516 28.185906 0.156729
-32.217000 2.917535 28.156139 0.152482
-32.217000 2.917562 28.223940 0.149273
-32.217000 2.917561 28.259685 0.145894
-32.217000 2.917540 28.293941 0.144199
-32.217000 2.917550 28.260847 0.144169
-32.217000 2.917530 28.199421 0.140026
-32.217000 2.917532 28.157750 0.140164
-32.217000 2.917532 28.210614 0.136101
-32.217000 2.917541 28.219657 0.133345
-32.217000 2.917525 28.177096 0.119404
-32.217000 2.917524 28.155195 0.113848
-32.217000 2.917531 28.164937 0.111368
-32.217000 2.917565 28.209602 0.109300
-32.217000 2.917527 28.078166 0.105323
-32.217000 2.917559 28.081759 0.100112
-32.217000 2.917529 28.023708 0.096478
-32.217000 2.917536 27.898875 0.092621
-32.217000 2.917521 27.929662 0.091126
-32.217000 2.917503 27.843935 0.086253
-32.217000 2.917521 27.813975 0.071968
-32.217000 2.917547 27.862837 0.069991
-32.217000 2.917541 27.794618 0.064056
-32.217000 2.917530 27.780535 0.062117
-32.217000 2.917526 27.734677 0.064620
-32.217000 2.917554 27.700184 0.059775
-32.217000 2.917545 27.735995 0.053888
-32.217000 2.917550 27.708123 0.047275
-32.217000 2.917548 27.741173 0.052017
-32.217000 2.917526 27.738542 0.040794
-32.217000 2.917541 27.707438 0.037897
-32.217000 2.917541 27.687888 0.027411
-32.217000 2.917527 27.707635 0.023245
-32.217000 2.917529 27.691508 0.022356
-32.217000 2.917536 27.617310 0.012661
-32.217000 2.917545 27.653267 0.005585
-32.217000 2.917536 27.573492 0.001153
-32.217000 2.917522 27.593066 -0.005795
-32.255810 2.917219 27.562353 -0.020815
-32.519400 2.917433 27.790416 -0.020167
-33.051650 2.917292 28.176120 -0.009619
-33.768780 2.917377 28.860476 0.003054
-34.789490 2.917449 29.866647 0.029575
-35.931910 2.918901 31.007646 0.051678
-37.322100 2.925795 32.271557 0.079961
-38.806120 2.935592 33.725939 0.115067
-40.538910 2.948982 35.329078 0.156789
-42.252430 2.968373 37.053208 0.190855
-43.733410 2.968828 38.439533 0.171950
-44.925830 2.971717 39.612654 0.121894
-45.628060 2.972449 40.304086 0.034350
-45.994180 2.972574 40.478316 -0.113171
-46.027210 2.972655 40.307603 -0.242864
-45.569880 2.973049 39.575423 -0.454698
-45.103500 2.972723 38.617561 -0.658676
-44.574870 2.973099 37.625870 -0.854367
-44.036660 2.972943 36.617922 -1.055803
-43.583800 2.972994 35.689054 -1.241952
-43.174670 2.972925 34.784290 -1.425244
-42.888130 2.972852 33.955458 -1.614571
-42.745040 2.973003 33.331957 -1.776349
-42.703880 2.972960 32.712450 -1.945842
-42.685820 2.973044 32.149663 -2.140112
-42.737970 2.972767 31.707254 -2.292446
-42.793270 2.972866 31.338472 -2.423665
-42.870940 2.972964 31.003411 -2.555300
-42.949910 2.973134 30.709230 -2.670729
-43.032080 2.973067 30.446658 -2.787083
-43.104790 2.972561 30.185188 -2.876769
-43.121450 2.974032 30.114088 -2.889092
-43.121250 2.973090 30.161587 -2.909600
-43.121310 2.973679 30.197792 -2.890971
-43.121080 2.973352 30.181631 -2.892073
-43.120980 2.973198 30.219096 -2.894710
-43.120920 2.973089 30.227885 -2.900291
-43.120890 2.973043 30.245288 -2.907684
-43.120880 2.973020 30.271747 -2.913178
-43.120870 2.972983 30.289989 -2.916060
-43.120870 2.972976 30.279187 -2.927380
-43.120870 2.972966 30.265648 -2.930596
-43.120860 2.972997 30.286948 -2.928856
-43.120860 2.972987 30.290324 -2.927274
-43.120860 2.972986 30.307102 -2.928577
-43.120860 2.972993 30.281944 -2.943170
-43.120860 2.972977 30.255766 -2.936148
-43.120860 2.972996 30.267651 -2.938267
-43.120860 2.973015 30.279173 -2.939864
-43.120860 2.973012 30.278347 -2.949679
-43.120860 2.973013 30.276742 -2.953416
-43.120860 2.972992 30.283954 -2.958797
-43.120860 2.973013 30.359385 -2.961920
-43.120860 2.972999 30.339846 -2.966055
-43.120860 2.972987 30.320912 -2.972041
-43.120860 2.972968 30.293683 -2.960906
-43.120860 2.973014 30.318737 -2.959951
-43.120860 2.973012 30.335720 -2.958697
-43.120860 2.972983 30.321026 -2.964153
-43.120860 2.972977 30.294806 -2.962312
-43.120860 2.972962 30.289294 -2.965998
-43.120860 2.972961 30.273882 -2.975762
-43.120860 2.972986 30.275001 -2.980323
-43.120860 2.972964 30.298205 -2.986319
-43.120860 2.972964 30.293992 -2.993253
-43.120860 2.972973 30.309087 -2.999471
-43.120860 2.972958 30.327774 -3.007928
-43.120860 2.972983 30.288878 -3.019948
-43.120860 2.972995 30.263300 -3.026999
-43.120860 2.973000 30.261356 -3.024665
-43.120860 2.972974 30.274230 -3.028168
-43.120860 2.973006 30.246675 -3.031731
-43.120860 2.973016 30.255339 -3.031893
-43.120860 2.972995 30.260165 -3.042724
-43.120860 2.972989 30.278116 -3.043372
-43.120860 2.972991 30.294887 -3.047972
-43.120860 2.973011 30.276919 -3.045054
-43.120860 2.972994 30.297646 -3.046652
-43.120860 2.972973 30.307842 -3.055078
-43.120860 2.972989 30.352197 -3.050052
-43.120860 2.972980 30.314381 -3.055538
-43.120860 2.972955 30.224742 -3.057418
-43.120860 2.972960 30.282711 -3.053613
-43.120860 2.972975 30.270250 -3.058219
-43.120860 2.972975 30.234648 -3.065481
-43.120860 2.972976 30.250339 -3.073104
-43.120860 2.972988 30.269845 -3.078156
-43.120860 2.972984 30.276193 -3.056590
-43.120860 2.972983 30.272049 -3.054357
-43.120860 2.973006 30.270713 -3.054375
-43.120860 2.973004 30.290062 -3.056494
-43.120860 2.972978 30.252667 -3.063581
-43.120860 2.972983 30.243286 -3.072164
-43.120860 2.972983 30.259673 -3.077704
-43.120860 2.972981 30.306235 -3.082917
-43.120860 2.972970 30.278203 -3.088153
-43.120860 2.972957 30.265883 -3.096795
-43.120860 2.972944 30.249902 -3.110158
-43.120860 2.972974 30.276021 -3.108043
-43.120860 2.972990 30.321095 -3.111758
-43.120860 2.973010 30.325268 -3.115234
-43.120890 2.972970 30.356487 -3.115754
-43.125640 2.972690 30.406116 -3.136314
-43.137970 2.972742 30.398874 -3.160269
-43.157270 2.972854 30.336251 -3.212184
-43.185840 2.972864 30.305878 -3.258325
-43.224310 2.972922 30.226622 -3.331496
-43.280980 2.970189 30.117086 -3.430413
-43.325100 2.963559 30.046589 -3.523933
-43.394800 2.952732 29.857302 -3.648623
-43.458490 2.945088 29.738962 -3.796555
-43.533840 2.945267 29.626136 -3.932639
-43.616640 2.944703 29.526578 -4.071430
-43.709350 2.945205 29.350486 -4.233689
-43.811210 2.945577 29.161328 -4.418272
-43.929990 2.948393 28.967569 -4.621748
-44.055900 2.960645 28.688708 -4.826129
-44.171890 2.973946 28.429667 -5.005166
-44.285350 2.972081 28.284243 -5.221996
-44.374550 2.973103 28.009503 -5.418834
-44.455670 2.973040 27.668195 -5.639860
-44.522980 2.972916 27.388255 -5.857991
-44.564910 2.972970 27.039702 -6.088577
-44.579950 2.972974 26.591635 -6.312600
-44.584670 2.972987 26.249711 -6.500481
-44.582470 2.973059 25.875429 -6.704201
-44.562930 2.972928 25.479620 -6.915542
-44.537720 2.972965 25.081651 -7.133293
-44.507260 2.973090 24.737015 -7.345442
-44.475690 2.972704 24.318490 -7.555016
-44.445830 2.972844 23.944561 -7.732039
-44.419380 2.973061 23.632454 -7.932027
-44.395700 2.972995 23.384594 -8.093123
-44.372230 2.973026 23.143324 -8.224295
-44.350250 2.972882 22.848248 -8.368513
-44.331900 2.972912 22.561157 -8.485842
-44.312920 2.973095 22.308758 -8.585412
-44.305280 2.972475 22.203590 -8.601707
-44.306360 2.970984 22.212533 -8.658019
-44.305820 2.973778 22.198726 -8.632574
-44.305890 2.973398 22.216120 -8.635679
-44.305920 2.973181 22.198392 -8.635213
-44.305930 2.973088 22.164044 -8.642406
-44.305940 2.973033 22.185491 -8.641725
-44.305950 2.973005 22.204845 -8.650355
-44.305950 2.973006 22.175453 -8.661436
-44.305950 2.972988 22.206487 -8.658317
-44.305950 2.972998 22.231144 -8.667439
-44.305950 2.972976 22.242931 -8.670005
-44.305950 2.972963 22.171702 -8.686111
-44.305950 2.972972 22.147417 -8.683737
-44.305950 2.972963 22.163436 -8.677617
-44.305950 2.972965 22.205709 -8.680224
-44.305950 2.972986 22.183618 -8.689934
-44.305950 2.972985 22.248379 -8.692348
-44.305950 2.972988 22.272089 -8.677262
-44.305950 2.972993 22.231291 -8.690317
-44.305950 2.972971 22.235929 -8.702987
-44.305950 2.972976 22.275905 -8.706369
-44.305950 2.972985 22.299589 -8.713028
-44.305950 2.972975 22.304238 -8.699205
-44.305950 2.972964 22.272197 -8.706014
-44.305950 2.972964 22.257530 -8.714414
-44.305950 2.972976 22.224629 -8.725127
-44.305950 2.972965 22.202066 -8.728073
-44.305950 2.972977 22.222970 -8.743057
-44.305950 2.972959 22.219700 -8.755689
-44.305950 2.972947 22.201716 -8.751036
-44.305950 2.972987 22.172005 -8.753084
-44.305950 2.972969 22.192716 -8.759938
-44.305950 2.972986 22.192062 -8.751697
-44.305950 2.973006 22.189052 -8.735622
-44.305950 2.973013 22.223976 -8.733988
-44.305950 2.972996 22.238303 -8.730049
-44.305950 2.972998 22.265298 -8.723332
-44.305950 2.972999 22.259942 -8.720926
-44.305950 2.973006 22.273506 -8.707762
-44.305950 2.972987 22.271206 -8.716492
-44.305950 2.972971 22.238501 -8.717059
-44.305950 2.972972 22.257925 -8.705271
-44.305950 2.972975 22.263994 -8.710695
-44.305950 2.972993 22.263511 -8.708484
-44.305950 2.972999 22.265806 -8.708686
-44.305950 2.972964 22.248812 -8.706829
-44.305950 2.972973 22.225992 -8.702154
-44.305950 2.972988 22.293093 -8.706570
-44.305950 2.972983 22.315090 -8.717400
-44.305950 2.972983 22.321548 -8.722884
-44.305950 2.972984 22.327098 -8.728440
-44.305950 2.972990 22.331698 -8.726086
-44.305950 2.973001 22.309504 -8.721524
-44.305950 2.972992 22.310723 -8.712521
-44.305950 2.972978 22.312866 -8.703336
-44.305950 2.973001 22.320632 -8.705087
-44.305950 2.972985 22.365659 -8.702853
-44.305950 2.973000 22.345443 -8.698786
-44.305950 2.972988 22.339574 -8.701077
-44.305950 2.972988 22.339552 -8.711135
-44.305950 2.972998 22.280791 -8.706150
-44.305950 2.972972 22.286543 -8.716273
-44.305950 2.973007 22.276609 -8.705718
-44.305950 2.973003 22.268921 -8.708470
-44.305950 2.972984 22.250432 -8.697064
-44.305950 2.972967 22.281260 -8.705581
-44.305950 2.972972 22.303370 -8.694082
-44.305950 2.972985 22.272328 -8.698360
-44.305950 2.972986 22.245125 -8.707060
-44.305950 2.973005 22.226488 -8.702712
-44.305950 2.972995 22.249253 -8.691440
-44.305950 2.972977 22.286286 -8.692398
-44.305950 2.972970 22.280134 -8.696628
-44.305950 2.972972 22.257051 -8.699648
-44.305950 2.972962 22.245106 -8.689890
-44.305950 2.972960 22.257768 -8.687284
-44.305950 2.972993 22.277061 -8.692812
-44.305950 2.972984 22.307052 -8.701219
-44.305950 2.972952 22.292155 -8.706042
-44.305950 2.972980 22.262911 -8.720467
-44.305950 2.973002 22.237246 -8.721346
-44.305950 2.973000 22.266644 -8.713168
-44.305950 2.973011 22.276652 -8.714760
-44.305950 2.972972 22.261908 -8.730838
-44.305950 2.972995 22.273544 -8.734952
-44.305950 2.972985 22.272734 -8.734110
-44.305950 2.972971 22.276957 -8.756781
-44.305950 2.972961 22.272933 -8.742910
-44.305950 2.972970 22.263710 -8.735403
-44.305950 2.972974 22.273020 -8.727025
-44.305950 2.972976 22.290459 -8.727289
-44.305950 2.972961 22.313193 -8.721721
-44.305950 2.972978 22.352970 -8.723790
-44.305950 2.972984 22.361341 -8.721986
-44.305840 2.972821 22.349541 -8.738216
-44.303670 2.972829 22.297515 -8.750191
-44.299990 2.972758 22.291679 -8.765880
-44.294030 2.972837 22.217441 -8.812208
-44.276980 2.972828 22.107650 -8.880572
-44.248630 2.972130 21.965406 -8.967224
-44.192640 2.961617 21.821149 -9.030073
-43.973450 2.956756 21.551503 -9.126745
-43.301760 2.935280 20.877112 -9.305837
-42.056480 2.939889 19.619471 -9.486427
-40.159060 2.926920 17.973350 -9.692784
-37.347730 2.914463 15.487087 -9.949289
-34.073620 2.917070 12.188952 -10.190024
-30.980070 2.917086 9.167685 -10.386305
-27.592330 2.917424 5.802177 -10.572940
-23.640010 2.917337 1.977490 -10.754862
-20.314470 2.917749 -1.245731 -10.928367
-16.443650 2.917420 -5.039763 -11.095045
-12.235680 2.917397 -9.032492 -11.302105
-8.390718 2.917626 -12.929812 -11.496847
-4.761197 2.917263 -16.563901 -11.695443
-1.571224 2.917620 -19.834529 -11.877177
1.593463 2.917514 -22.788659 -12.042030
4.417896 2.917512 -25.682073 -12.202160
7.410303 2.917580 -28.514714 -12.352647
9.967937 2.917488 -31.064588 -12.506637
12.385760 2.917406 -33.561503 -12.644226
14.671450 2.917284 -35.811689 -12.755926
15.294120 2.917932 -36.781767 -12.776440
15.195340 2.916603 -36.788603 -12.835040
15.220490 2.918290 -36.831376 -12.820334
15.212360 2.917878 -36.697244 -12.818616
15.208970 2.917722 -36.805342 -12.823948
15.207190 2.917617 -36.726125 -12.825851
15.206380 2.917584 -36.601905 -12.819727
15.206020 2.917571 -36.463922 -12.808938
15.205810 2.917565 -36.475578 -12.803407
15.205720 2.917557 -36.517744 -12.803480
