-106.760300 3.346921 0.000000 0.000000
-106.813700 3.357981 2.732363 0.037533
-106.871800 3.386887 5.669654 0.078979
-106.934700 3.383398 9.197595 0.122032
-106.985300 3.344742 13.134262 0.158083
-107.013400 3.328935 16.852272 0.151745
-107.020400 3.338983 19.995135 0.188815
-107.015800 3.358841 23.518882 0.245840
-106.987700 3.380340 26.834271 0.291115
-106.940700 3.391436 30.196754 0.340409
-106.846700 3.359950 34.146197 0.372827
-106.649500 3.336582 37.642871 0.366248
-106.299100 3.337629 40.677534 0.367205
-105.617600 3.356219 44.167582 0.436054
-104.676700 3.361356 47.455580 0.493961
-103.594200 3.362366 50.032041 0.501948
-101.930100 3.367632 53.394370 0.555371
-100.130000 3.399753 56.266723 0.636583
-98.289640 3.441091 58.936911 0.686359
-95.771900 3.476372 61.809032 0.793252
-93.079720 3.482567 64.500935 0.877236
-90.376260 3.474907 66.680450 0.882093
-87.633770 3.464694 68.513163 0.947521
-85.473550 3.455485 69.763743 0.934586
-82.448960 3.456190 71.049491 0.975047
-79.818850 3.454663 71.935386 1.033467
-77.970190 3.442467 72.454126 1.000134
-76.073680 3.435290 72.794006 1.031931
-73.582570 3.427202 73.151610 1.031742
-71.619830 3.423370 73.315770 1.095600
-71.717850 3.419098 73.313588 1.035443
-71.643810 3.422065 73.315953 1.061719
-71.643810 3.422065 73.307158 1.061361
-71.643810 3.422065 73.314590 1.061286
-71.643810 3.422065 73.314357 1.061976
-71.643810 3.422065 73.310873 1.061061
-71.643810 3.422065 73.303921 1.061563
-71.643810 3.422065 73.298001 1.062402
-71.643810 3.422065 73.294471 1.062330
-71.643810 3.422065 73.289494 1.062653
-71.643810 3.422065 73.274684 1.064573
-71.643810 3.422065 73.267108 1.064549
-71.643810 3.422065 73.264789 1.063368
-71.643810 3.422065 73.251004 1.062627
-71.643810 3.422065 73.247118 1.063237
-71.643810 3.422065 73.235067 1.062959
-71.643810 3.422065 73.223401 1.064046
-71.643810 3.422065 73.212015 1.063036
-71.643810 3.422065 73.213417 1.062646
-71.643810 3.422065 73.207764 1.061627
-71.643810 3.422065 73.201096 1.062430
-71.643810 3.422065 73.195937 1.062659
-71.643810 3.422065 73.178956 1.064735
-71.643810 3.422065 73.178117 1.066149
-71.643810 3.422065 73.172499 1.067408
-71.643810 3.422065 73.161185 1.066792
-71.643810 3.422065 73.157960 1.067848
-71.643810 3.422065 73.129104 1.069101
-71.663220 3.421504 73.123840 1.067958
-71.663220 3.421529 73.103824 1.062454
-71.663220 3.421531 73.089588 1.061364
-71.663220 3.421531 73.087940 1.061175
-71.663220 3.421435 73.077290 1.047526
-71.663220 3.421350 73.001880 1.074422
-71.663210 3.421315 72.929797 1.074887
-71.663210 3.421308 72.903807 1.070965
-71.663210 3.421294 72.893066 1.069305
-71.663210 3.421301 72.876425 1.071935
-71.663210 3.421306 72.705455 1.074350
-71.663210 3.421319 72.724845 1.075714
-71.663210 3.421309 72.756180 1.079678
-71.663210 3.421367 72.720275 1.070532
-71.663210 3.421345 72.700935 1.077664
-71.663210 3.421335 72.706127 1.070558
-71.663210 3.421319 72.654459 1.069033
-71.663210 3.421340 72.651841 1.062683
-71.663210 3.421345 72.669140 1.061987
-71.663210 3.421337 72.661159 1.060131
-71.663210 3.421316 72.542208 1.060967
-71.663210 3.421306 72.550464 1.057113
-71.663210 3.421315 72.548389 1.055479
-71.582530 3.420132 72.530310 1.037884
-71.094210 3.418977 72.485889 1.045986
-70.222900 3.414942 72.508797 1.051486
-68.767460 3.407857 72.471069 1.043540
-66.764430 3.396724 72.467351 1.037811
-64.454380 3.379617 72.573878 1.012341
-61.724190 3.360539 72.639915 0.985139
-58.249840 3.341092 72.598578 0.948826
-54.414690 3.331931 72.544714 0.901592
-50.960800 3.336166 72.467338 0.872087
-47.320980 3.340111 72.309732 0.813448
-43.428310 3.337866 72.046990 0.786094
-39.967670 3.327719 71.881321 0.742931
-36.112690 3.310818 71.723798 0.716084
-32.130140 3.320888 71.503355 0.689567
-28.662300 3.337313 71.455441 0.678205
-24.965050 3.338763 71.323090 0.653220
-20.798740 3.320719 71.222102 0.647439
-17.141770 3.325229 71.149078 0.658516
-13.312440 3.356832 71.201599 0.647267
-10.073090 3.360783 71.198693 0.618901
-6.062641 3.344434 71.306278 0.633511
-2.421661 3.349875 71.365840 0.669742
1.627752 3.351223 71.520290 0.655695
5.637424 3.355595 71.624725 0.656822
9.472211 3.352735 71.811197 0.664718
13.143440 3.335565 71.984476 0.667122
16.451670 3.330569 72.138349 0.669695
20.262030 3.363930 72.309849 0.656987
24.056290 3.406887 72.458780 0.640139
28.177070 3.419279 72.612904 0.656461
31.840380 3.407305 72.828252 0.702718
36.120040 3.379520 72.956406 0.732305
39.727150 3.354202 73.098642 0.722763
43.297180 3.341084 73.300027 0.709320
47.443400 3.341117 73.531221 0.678884
51.298840 3.360867 73.617111 0.675675
55.450470 3.387058 73.900812 0.690199
58.926480 3.402177 74.106686 0.723240
62.496310 3.395796 74.292105 0.772381
66.158410 3.376183 74.690539 0.821558
70.267020 3.357921 74.897568 0.821508
73.825850 3.374977 74.841841 0.839257
77.848330 3.401240 74.441550 0.882532
81.112040 3.401723 73.597265 0.904137
84.897660 3.407978 72.542466 0.893958
87.924470 3.427799 71.595365 0.896213
90.939210 3.423497 70.568287 0.896787
93.864780 3.413443 69.372725 0.894951
96.429450 3.406999 68.052367 0.889843
98.583320 3.390985 66.494786 0.873458
100.599700 3.375162 63.604211 0.844533
102.063500 3.353989 60.290697 0.812110
103.155100 3.330692 57.119175 0.795102
103.830500 3.322573 53.025055 0.775006
104.097000 3.296033 49.286539 0.745219
104.063000 3.262044 45.446189 0.722668
103.990700 3.251661 41.859662 0.689461
103.913800 3.259078 38.531583 0.619503
103.796800 3.276353 35.214730 0.542492
103.686100 3.304966 32.387007 0.513019
103.648100 3.316326 29.667966 0.488742
103.650400 3.314634 27.510836 0.494812
103.649900 3.314988 26.471709 0.546363
103.649200 3.314053 26.556854 0.491791
103.623400 3.320751 26.434762 0.501780
103.576800 3.333745 26.308484 0.491398
103.504300 3.354209 25.932605 0.487679
103.419600 3.366994 25.328473 0.489854
103.304000 3.381985 24.218959 0.498602
103.200400 3.384246 22.873730 0.515360
103.076200 3.394876 21.685137 0.519810
102.929100 3.415149 19.337819 0.528331
102.755200 3.438336 16.863052 0.507025
102.567700 3.446004 13.580648 0.481933
102.390400 3.442772 10.267108 0.500293
102.260700 3.438778 6.577334 0.505186
102.186600 3.456493 4.488684 0.528339
102.151700 3.475276 0.222833 0.533717
102.143300 3.495552 -4.531993 0.519101
102.143500 3.515062 -8.741533 0.544144
102.157100 3.523284 -12.778033 0.574411
102.189400 3.511923 -16.531357 0.602959
102.221000 3.485945 -19.265452 0.624233
102.243100 3.477245 -22.714621 0.621692
102.269200 3.482151 -27.383703 0.636411
102.311700 3.469023 -31.205228 0.637800
102.365500 3.445597 -35.315557 0.655313
102.423100 3.436628 -38.973333 0.684104
102.460300 3.419255 -41.447989 0.702383
102.479200 3.398993 -46.059691 0.703919
102.501600 3.403826 -50.739456 0.782585
102.523800 3.414704 -54.942966 0.789238
102.547200 3.417805 -54.567025 0.763695
102.566800 3.409542 -58.465300 0.776466
102.574100 3.390590 -62.409338 0.813130
102.528500 3.366343 -66.788728 0.849593
102.349100 3.346539 -70.165586 0.863031
101.852400 3.351923 -72.429024 0.837199
101.006400 3.364283 -76.238725 0.832550
99.697960 3.380910 -80.737388 0.786037
98.032380 3.383770 -85.691852 0.735859
96.112080 3.375391 -90.096172 0.684403
94.131690 3.393264 -92.355471 0.628103
91.577250 3.398795 -96.601397 0.540007
88.690160 3.378507 -100.762288 0.364643
85.658420 3.391765 -104.282443 0.223937
82.670210 3.426830 -107.567081 0.057181
78.997270 3.466038 -110.394103 -0.149634
75.436710 3.461857 -111.870034 -0.254114
71.361190 3.440331 -114.402823 -0.429491
67.578580 3.449353 -116.173653 -0.616232
64.013210 3.444590 -117.490253 -0.809366
60.234350 3.394575 -118.124019 -0.936671
56.285710 3.356615 -119.023329 -1.178958
52.130340 3.357271 -119.508323 -1.423880
47.984120 3.355582 -119.231114 -1.780421
43.814810 3.356039 -119.213664 -2.118016
39.552540 3.382100 -119.079610 -2.399779
35.708460 3.416569 -118.953237 -2.551877
31.826900 3.436359 -118.827521 -2.847038
27.980250 3.427815 -118.671962 -3.119572
23.819450 3.411317 -118.529252 -3.360282
19.616120 3.385671 -118.505349 -3.610274
15.519970 3.380240 -118.467196 -3.869312
11.612490 3.403049 -118.469241 -4.081846
7.475654 3.419997 -118.422355 -4.160077
3.084047 3.404531 -118.412758 -4.292291
-0.783731 3.373492 -118.455777 -4.403640
-4.507786 3.352046 -118.529287 -4.640296
-8.431802 3.335959 -118.617391 -5.006269
-11.924810 3.328164 -118.699891 -5.269041
-15.184160 3.330689 -118.778514 -5.490239
-18.022650 3.342359 -118.909395 -5.679720
-20.747670 3.356755 -118.991628 -5.883158
-22.774300 3.368854 -119.107412 -6.052255
-22.989620 3.365523 -119.157246 -6.173844
-22.985490 3.365714 -119.254246 -6.291089
-22.995460 3.366144 -119.296355 -6.321640
-23.000810 3.366380 -119.259913 -6.391604
-23.003840 3.366489 -119.255758 -6.419509
-23.005650 3.366594 -119.306361 -6.410577
-23.006590 3.366614 -119.691510 -6.415085
-23.007150 3.366662 -119.670228 -6.409887
-23.060460 3.365520 -119.611538 -6.412185
-23.645360 3.367463 -119.600834 -6.415798
-24.729450 3.370900 -119.571246 -6.428564
-26.324390 3.371657 -119.680688 -6.450747
-28.271210 3.379363 -119.685567 -6.501802
-30.453050 3.395517 -119.493193 -6.582715
-33.049240 3.424438 -119.036866 -6.702477
-35.721070 3.440616 -118.590782 -6.810164
-38.390810 3.442319 -118.256490 -6.880262
-40.602860 3.440853 -117.637826 -6.993762
-42.251600 3.436830 -116.844888 -7.149423
-43.320900 3.414411 -115.694851 -7.310315
-44.325750 3.387384 -114.114377 -7.428979
-45.331720 3.373085 -112.150102 -7.492751
-46.030110 3.360854 -109.936368 -7.565410
-46.285070 3.372072 -107.329821 -7.640007
-46.293830 3.377503 -103.932555 -7.668043
-46.312230 3.381981 -100.535212 -7.612703
-46.311370 3.381408 -99.404873 -7.592679
-46.311220 3.382499 -99.183343 -7.640651
-46.311700 3.382912 -98.780067 -7.583069
-46.311880 3.383048 -98.807738 -7.620574
-46.311960 3.383094 -98.783132 -7.617113
-46.311990 3.383121 -98.812832 -7.614155
-46.312000 3.383079 -98.761544 -7.609239
-46.312010 3.383117 -98.721135 -7.607660
-46.312020 3.383125 -98.751259 -7.610199
-46.312020 3.383125 -98.802556 -7.615166
-46.312020 3.383115 -98.733736 -7.619851
-46.312020 3.383119 -98.836518 -7.622370
-46.312020 3.383119 -98.929104 -7.625961
-46.312020 3.383113 -98.849779 -7.630096
-46.312020 3.383079 -98.898701 -7.632101
-46.312380 3.382639 -98.990385 -7.639764
-46.333870 3.384632 -99.015735 -7.646076
-46.397870 3.395949 -98.943358 -7.650320
-46.484210 3.419813 -98.521462 -7.652425
-46.586800 3.447370 -97.484318 -7.637952
-46.677100 3.462483 -95.870081 -7.589499
-46.717000 3.472343 -93.909019 -7.535003
-46.500350 3.480696 -91.576722 -7.485958
-46.042660 3.491826 -89.547546 -7.460592
-45.718930 3.498641 -86.555638 -7.394646
-45.333260 3.517798 -84.224440 -7.323040
-44.884620 3.530986 -82.112529 -7.255363
-44.384610 3.535388 -79.692999 -7.163605
-43.844760 3.538548 -77.642985 -7.102634
-43.155050 3.552558 -74.592104 -6.980530
-42.073690 3.536625 -71.147803 -6.872009
