0 0.000321 0.020618 100.000000 10.638298
0 0.000250 0.031098 200.000000 10.752688
0 0.000395 0.040673 300.000000 7.194244
0 0.000370 0.030986 400.000000 5.063291
0 0.000260 0.035738 500.000000 5.733945
10 0.000262 0.018159 100.000000 11.764706
10 0.000195 0.024348 200.000000 11.299435
10 0.000367 0.035273 300.000000 7.352941
10 0.000345 0.030547 400.000000 5.121639
10 0.000243 0.036685 500.000000 5.793743
20 0.000212 0.014261 100.000000 12.658228
20 0.000174 0.017023 200.000000 11.627907
20 0.000324 0.031088 300.000000 7.425743
20 0.000320 0.031291 400.000000 5.161290
20 0.000228 0.038207 500.000000 5.834306
30 0.000337 0.013945 100.000000 12.820513
30 0.000319 0.025488 200.000000 9.756098
30 0.000459 0.040161 300.000000 4.854369
30 0.000350 0.031001 400.000000 5.167959
30 0.000241 0.039471 500.000000 5.841122
40 0.000282 0.012716 100.000000 12.820513
40 0.000504 0.023657 200.000000 9.302325
40 0.000506 0.042811 300.000000 4.830918
40 0.000323 0.032766 400.000000 5.167959
40 0.000216 0.042375 500.000000 5.834306
50 0.000199 0.010723 100.000000 12.500000
50 0.000517 0.027357 200.000000 9.259259
50 0.000420 0.038106 300.000000 4.451038
50 0.000313 0.034552 400.000000 5.161290
50 0.000212 0.043914 500.000000 5.827506
60 0.000178 0.014069 100.000000 11.494253
60 0.000482 0.023949 200.000000 6.349206
60 0.000612 0.038249 300.000000 4.322767
60 0.000304 0.036663 400.000000 5.154639
60 0.000230 0.045606 500.000000 5.827506
70 0.000271 0.016657 100.000000 10.752688
70 0.000842 0.030920 200.000000 6.211180
70 0.000479 0.037529 300.000000 4.316547
70 0.000284 0.039176 400.000000 5.141388
80 0.000277 0.017290 100.000000 10.752688
80 0.000458 0.032505 200.000000 6.211180
80 0.000427 0.035926 300.000000 4.310345
80 0.000270 0.041161 400.000000 5.141388
90 0.000237 0.013541 100.000000 10.752688
90 0.000422 0.034368 200.000000 6.191950
90 0.000402 0.037630 300.000000 4.304161
90 0.000247 0.043866 400.000000 5.134788
100 0.000225 0.011293 100.000000 10.526316
100 0.000572 0.038089 200.000000 3.745318
100 0.000367 0.038429 300.000000 4.304161
100 0.000240 0.046053 400.000000 5.134788
110 0.000240 0.005334 100.000000 7.518797
110 0.000566 0.041198 200.000000 3.676471
110 0.000350 0.040361 300.000000 4.297994
110 0.000222 0.046874 400.000000 5.128205
120 0.001172 0.014217 100.000000 7.194244
120 0.000557 0.049487 200.000000 3.669725
120 0.000348 0.041850 300.000000 4.297994
120 0.000210 0.048595 400.000000 5.121639
130 0.000794 0.035628 100.000000 7.142857
130 0.000559 0.052308 200.000000 3.311258
130 0.000391 0.045230 300.000000 4.310345
130 0.000247 0.053454 400.000000 5.134788
140 0.000747 0.021226 100.000000 4.608295
140 0.000637 0.050276 200.000000 3.278688
140 0.000355 0.047369 300.000000 4.329004
140 0.000250 0.053083 400.000000 5.161290
150 0.000901 0.031052 100.000000 4.347826
150 0.000878 0.049391 200.000000 3.300330
150 0.000376 0.048167 300.000000 4.354136
150 0.000240 0.055263 400.000000 5.188067
160 0.001186 0.034343 100.000000 4.347826
160 0.000618 0.048493 200.000000 3.311258
160 0.000283 0.048866 300.000000 4.366812
170 0.000732 0.042961 100.000000 4.329004
170 0.000527 0.050846 200.000000 3.311258
170 0.000287 0.052660 300.000000 4.366812
180 0.000676 0.051198 100.000000 4.329004
180 0.000508 0.052916 200.000000 3.305785
180 0.000265 0.055162 300.000000 4.360465
190 0.000780 0.059451 100.000000 4.291845
190 0.000501 0.058099 200.000000 3.311258
190 0.000281 0.061596 300.000000 4.366812
200 0.001548 0.064939 100.000000 2.257336
200 0.000768 0.066536 200.000000 3.322259
200 0.000453 0.085837 300.000000 4.392386
210 0.001034 0.063709 100.000000 2.309469
210 0.000470 0.057383 200.000000 3.378378
210 0.000255 0.059922 300.000000 4.457652
220 0.000917 0.055629 100.000000 2.364066
220 0.000407 0.051629 200.000000 3.436426
220 0.000212 0.052904 300.000000 4.524887
230 0.000866 0.061013 100.000000 2.409639
230 0.000417 0.053223 200.000000 3.490402
230 0.000220 0.053595 300.000000 4.580153
240 0.000986 0.071140 100.000000 2.421308
240 0.000496 0.059569 200.000000 3.527337
240 0.000266 0.063329 300.000000 4.622496
250 0.001394 0.070880 100.000000 2.444988
250 0.000378 0.051477 200.000000 3.558719
250 0.000194 0.052787 300.000000 4.658385
260 0.000809 0.059598 100.000000 2.421308
260 0.000521 0.073783 200.000000 3.571429
260 0.000293 0.078431 300.000000 4.665630
270 0.000639 0.061731 100.000000 2.150538
270 0.000332 0.048886 200.000000 3.597122
270 0.000219 0.049358 300.000000 4.694836
280 0.000675 0.051468 100.000000 2.178649
280 0.000328 0.042985 200.000000 3.656307
280 0.000249 0.046849 300.000000 4.761905
290 0.000584 0.052980 100.000000 2.222222
290 0.000270 0.042758 200.000000 3.724395
290 0.000189 0.042127 300.000000 4.838710
300 0.000571 0.052043 100.000000 2.272727
300 0.000271 0.042879 200.000000 3.795066
300 0.000184 0.042371 300.000000 4.918033
310 0.000442 0.043518 100.000000 2.325581
310 0.000218 0.035219 200.000000 3.868472
310 0.000152 0.033921 300.000000 5.000000
320 0.000414 0.041183 100.000000 2.380952
320 0.000207 0.033186 200.000000 3.944773
320 0.000148 0.031879 300.000000 5.084746
330 0.000456 0.039406 100.000000 2.421308
330 0.000205 0.029347 200.000000 4.008016
330 0.000168 0.029803 300.000000 5.163511
340 0.000557 0.039096 100.000000 2.463054
340 0.000301 0.038463 200.000000 4.081633
340 0.000140 0.039394 300.000000 5.244755
350 0.000524 0.034575 100.000000 2.512563
350 0.000243 0.031280 200.000000 4.158004
350 0.000108 0.029891 300.000000 5.328597
360 0.000483 0.035227 100.000000 2.557545
360 0.000230 0.039387 200.000000 4.219409
360 0.000070 0.038077 300.000000 5.395683
370 0.000628 0.037997 100.000000 2.617801
370 0.000224 0.040131 200.000000 4.301075
370 0.000074 0.038467 300.000000 5.484461
380 0.001179 0.034303 100.000000 2.652520
380 0.000202 0.038717 200.000000 4.357298
380 0.000114 0.036163 300.000000 5.535055
390 0.000497 0.025488 100.000000 2.666667
390 0.000347 0.039760 200.000000 4.366812
400 0.000457 0.029746 100.000000 2.666667
400 0.000166 0.031096 200.000000 4.366812
410 0.000471 0.038026 100.000000 2.666667
410 0.000170 0.034017 200.000000 4.366812
420 0.000392 0.041605 100.000000 2.680965
420 0.000150 0.036158 200.000000 4.395605
430 0.000487 0.039257 100.000000 2.732240
430 0.000199 0.035626 200.000000 4.464286
440 0.000450 0.043055 100.000000 2.808989
440 0.000170 0.038794 200.000000 4.566210
450 0.000483 0.044525 100.000000 2.890173
450 0.000177 0.040128 200.000000 4.672897
460 0.000502 0.044778 100.000000 2.976191
460 0.000188 0.040857 200.000000 4.784689
470 0.000505 0.044875 100.000000 3.067485
470 0.000190 0.041117 200.000000 4.901961
480 0.000502 0.042514 100.000000 3.164557
480 0.000198 0.039423 200.000000 5.025126
490 0.000484 0.038509 100.000000 3.267974
490 0.000197 0.035072 200.000000 5.154639
500 0.000429 0.034983 100.000000 3.378378
500 0.000173 0.030364 200.000000 5.291005
510 0.000407 0.035682 100.000000 3.496504
510 0.000158 0.030753 200.000000 5.434783
520 0.000344 0.032228 100.000000 3.623188
520 0.000142 0.027274 200.000000 5.586592
530 0.000333 0.032872 100.000000 3.759398
530 0.000130 0.027440 200.000000 5.747127
540 0.000359 0.037376 100.000000 3.906250
540 0.000124 0.031713 200.000000 5.917160
550 0.000309 0.034346 100.000000 4.065041
550 0.000106 0.027926 200.000000 6.097561
560 0.000326 0.035554 100.000000 4.237288
560 0.000106 0.029212 200.000000 6.289308
570 0.000283 0.033762 100.000000 4.424779
570 0.000081 0.026280 200.000000 6.493506
580 0.000188 0.027170 100.000000 4.629630
580 0.000074 0.018103 200.000000 6.711410
590 0.000188 0.026781 100.000000 4.854369
590 0.000075 0.018283 200.000000 6.944445
600 0.000204 0.023691 100.000000 5.102041
600 0.000112 0.016338 200.000000 7.194244
610 0.000159 0.026755 100.000000 5.376344
610 0.000059 0.016877 200.000000 7.462687
620 0.000111 0.021526 100.000000 5.681818
620 0.000086 0.012280 200.000000 7.751938
630 0.000084 0.019667 100.000000 5.988024
630 0.000103 0.010265 200.000000 8.032128
640 0.000056 0.018316 100.000000 6.211180
640 0.000109 0.010702 200.000000 8.230453
650 0.000101 0.022527 100.000000 6.410256
650 0.000109 0.012043 200.000000 8.403361
660 0.000865 0.042725 100.000000 6.451613
660 0.000471 0.047941 200.000000 8.438819
670 0.000652 0.019413 100.000000 6.666667
670 0.000338 0.012281 200.000000 8.583691
680 0.000594 0.015483 100.000000 7.092198
680 0.000319 0.010198 200.000000 8.968610
690 0.000538 0.018439 100.000000 7.633588
690 0.000282 0.010420 200.000000 9.389671
700 0.000575 0.019937 100.000000 8.196721
700 0.000300 0.011517 200.000000 9.803922
710 0.000241 0.019565 100.000000 8.849558
710 0.000202 0.020385 200.000000 10.256411
720 0.000196 0.018249 100.000000 9.615385
720 0.000177 0.018067 200.000000 10.695188
730 0.000131 0.013928 100.000000 10.416667
730 0.000121 0.009914 200.000000 11.173184
740 0.000163 0.010224 100.000000 11.363636
740 0.000139 0.006275 200.000000 11.764706
750 0.000467 0.033803 100.000000 11.764706
750 0.000200 0.026627 200.000000 12.048193
760 0.001012 0.009038 100.000000 11.904762
770 0.000217 0.008436 100.000000 11.904762
780 0.000220 0.009162 100.000000 11.904762
790 0.000183 0.009247 100.000000 11.904762
800 0.000177 0.011054 100.000000 12.048193
810 0.000204 0.008670 100.000000 11.904762
820 0.000256 0.012599 100.000000 11.904762
830 0.000200 0.012386 100.000000 12.048193
840 0.000094 0.009979 100.000000 11.764706
