0 0.007475 0.072177 100.000000 7.518797
0 0.000430 0.074805 200.000000 9.852217
0 0.000251 0.040350 300.000000 10.989011
0 0.000122 0.043603 400.000000 11.428572
0 0.002017 0.074279 500.000000 8.591065
0 0.000654 0.085156 600.000000 7.884363
10 0.006916 0.076919 100.000000 8.064516
10 0.000409 0.070838 200.000000 10.309278
10 0.000271 0.040389 300.000000 11.363636
10 0.000128 0.044110 400.000000 11.730206
10 0.002027 0.073126 500.000000 8.741259
10 0.000657 0.085366 600.000000 7.978724
20 0.003680 0.101662 100.000000 8.474576
20 0.000609 0.066329 200.000000 10.695188
20 0.000424 0.053489 300.000000 11.627907
20 0.000225 0.058560 400.000000 11.904762
20 0.001607 0.080025 500.000000 8.818342
20 0.000642 0.090020 600.000000 8.032128
30 0.001392 0.110768 100.000000 8.849558
30 0.000356 0.074775 200.000000 11.111111
30 0.000201 0.039042 300.000000 11.764706
30 0.000125 0.039794 400.000000 12.012012
30 0.000688 0.072267 500.000000 8.849558
30 0.000628 0.097900 600.000000 6.396588
40 0.000657 0.104836 100.000000 9.615385
40 0.000343 0.070694 200.000000 11.764706
40 0.000184 0.035936 300.000000 12.195122
40 0.000110 0.033584 400.000000 12.345679
40 0.000663 0.075204 500.000000 8.992805
40 0.000617 0.100088 600.000000 6.437768
50 0.000449 0.085365 100.000000 10.416667
50 0.000295 0.083122 200.000000 12.345679
50 0.000167 0.033464 300.000000 12.552301
50 0.000116 0.037993 400.000000 12.618297
50 0.000638 0.073450 500.000000 9.090909
50 0.000635 0.100569 600.000000 6.472492
60 0.000544 0.092014 100.000000 11.111111
60 0.000242 0.081972 200.000000 12.903226
60 0.000151 0.035328 300.000000 12.820513
60 0.000104 0.041959 400.000000 12.779552
60 0.000772 0.063111 500.000000 7.763975
60 0.000626 0.104936 600.000000 6.486486
70 0.002438 0.273876 100.000000 11.494253
70 0.001550 0.184599 200.000000 13.422819
70 0.001058 0.175718 300.000000 12.931034
70 0.001450 0.099309 400.000000 8.948545
70 0.001098 0.030646 500.000000 7.751938
70 0.001130 0.109059 600.000000 6.500542
80 0.002139 0.164320 100.000000 11.627907
80 0.000544 0.110696 200.000000 13.793103
80 0.003967 0.093724 300.000000 12.931034
80 0.001619 0.025999 400.000000 8.830022
80 0.000320 0.059630 500.000000 7.763975
80 0.000793 0.120485 600.000000 6.507592
90 0.006736 0.128746 100.000000 11.627907
90 0.000188 0.071806 200.000000 13.888889
90 0.000413 0.053872 300.000000 12.987013
90 0.002714 0.049777 400.000000 8.810573
90 0.000522 0.073668 500.000000 7.763975
90 0.000672 0.128420 600.000000 6.514658
100 0.001121 0.125144 100.000000 11.904762
100 0.000221 0.059718 200.000000 13.986014
100 0.000096 0.053154 300.000000 13.100436
100 0.000959 0.060237 400.000000 8.849558
100 0.000781 0.081482 500.000000 7.800312
110 0.000268 0.110985 100.000000 12.345679
110 0.000270 0.052207 200.000000 13.986014
110 0.000119 0.051569 300.000000 13.274336
110 0.000923 0.067225 400.000000 8.869180
110 0.000781 0.089126 500.000000 7.836991
120 0.000488 0.108590 100.000000 13.157895
120 0.000214 0.028564 200.000000 14.084507
120 0.000232 0.016521 300.000000 13.574660
120 0.000767 0.083456 400.000000 8.908686
120 0.000718 0.102152 500.000000 7.898894
130 0.007409 0.317578 100.000000 13.888889
130 0.003498 0.472708 200.000000 14.184397
130 0.002334 0.388862 300.000000 13.698630
130 0.000758 0.329745 400.000000 8.888889
130 0.000617 0.212524 500.000000 7.936508
140 0.002040 0.063308 100.000000 14.492754
140 0.000887 0.060950 200.000000 14.084507
140 0.000552 0.034982 300.000000 13.636364
140 0.000657 0.126561 400.000000 8.849558
140 0.000427 0.118102 500.000000 7.898894
150 0.000529 0.242364 100.000000 15.384615
150 0.000236 0.128122 200.000000 13.698630
150 0.000236 0.106119 300.000000 13.333333
150 0.001054 0.040675 400.000000 7.181329
150 0.000865 0.103412 500.000000 5.973716
160 0.000572 0.183761 100.000000 16.129032
160 0.003254 0.114655 200.000000 13.605442
160 0.001378 0.040911 300.000000 8.219178
160 0.000230 0.058607 400.000000 7.142857
160 0.000856 0.120421 500.000000 5.973716
170 0.009783 0.855818 100.000000 16.949152
170 0.002951 0.837236 200.000000 13.605442
170 0.001031 0.686069 300.000000 8.130081
170 0.002213 0.413058 400.000000 7.155635
170 0.001239 0.241255 500.000000 5.973716
180 0.001854 0.193295 100.000000 16.666666
180 0.000946 0.129964 200.000000 13.605442
180 0.000752 0.176255 300.000000 8.130081
180 0.000455 0.156797 400.000000 7.155635
180 0.000404 0.167112 500.000000 5.966587
190 0.000499 0.030722 100.000000 15.873015
190 0.000203 0.077553 200.000000 13.698630
190 0.001252 0.118847 300.000000 8.086253
190 0.000983 0.121949 400.000000 7.168459
200 0.000285 0.063246 100.000000 14.285714
200 0.000163 0.097375 200.000000 13.605442
200 0.002712 0.147952 300.000000 7.936508
200 0.001083 0.139467 400.000000 7.155635
210 0.000246 0.074428 100.000000 12.820513
210 0.000191 0.099344 200.000000 12.820513
210 0.001206 0.144252 300.000000 7.712082
210 0.001021 0.167889 400.000000 5.221932
220 0.004373 0.034365 100.000000 11.627907
220 0.001827 0.086605 200.000000 6.578948
220 0.000243 0.136200 300.000000 6.000000
220 0.000943 0.183383 400.000000 5.148005
230 0.001692 0.129443 100.000000 11.235955
230 0.007807 0.127832 200.000000 6.430868
230 0.000565 0.136670 300.000000 5.988024
230 0.000922 0.196577 400.000000 5.134788
240 0.000101 0.136059 100.000000 11.363636
240 0.001898 0.162571 200.000000 6.430868
240 0.001226 0.148089 300.000000 6.000000
240 0.000951 0.210178 400.000000 5.128205
250 0.000242 0.152708 100.000000 11.764706
250 0.001981 0.178532 200.000000 6.451613
250 0.001367 0.165777 300.000000 6.036217
260 0.000400 0.099613 100.000000 12.345679
260 0.001729 0.179959 200.000000 6.472492
260 0.001307 0.169990 300.000000 6.097561
270 0.000282 0.112909 100.000000 12.658228
270 0.004951 0.211699 200.000000 6.451613
270 0.001344 0.186592 300.000000 6.122449
280 0.000403 0.122793 100.000000 12.500000
280 0.002736 0.220460 200.000000 6.430868
280 0.001284 0.205612 300.000000 6.097561
290 0.000347 0.113437 100.000000 12.345679
290 0.001989 0.179398 200.000000 4.926108
290 0.001300 0.226492 300.000000 4.335260
300 0.002922 0.167294 100.000000 4.629630
300 0.001281 0.189398 200.000000 4.819277
300 0.001275 0.237958 300.000000 4.329004
310 0.006619 1.070129 100.000000 4.504505
310 0.006763 0.387365 200.000000 4.830918
310 0.002521 0.427645 300.000000 4.341534
320 0.009659 0.243158 100.000000 4.464286
320 0.000712 0.208275 200.000000 4.830918
320 0.000948 0.235584 300.000000 4.341534
330 0.003795 0.382464 100.000000 4.424779
330 0.001973 0.284264 200.000000 4.830918
340 0.003684 0.399067 100.000000 4.347826
340 0.002130 0.297131 200.000000 4.842615
350 0.010542 0.454780 100.000000 4.291845
350 0.001925 0.308809 200.000000 4.842615
360 0.003745 0.469685 100.000000 4.291845
360 0.001894 0.334759 200.000000 4.819277
370 0.003712 0.406268 100.000000 3.021148
370 0.001800 0.356050 200.000000 3.262643
380 0.002730 0.390324 100.000000 3.003003
380 0.001765 0.344681 200.000000 3.273322
390 0.002694 0.358946 100.000000 3.095975
390 0.001761 0.328908 200.000000 3.322259
400 0.002201 0.373000 100.000000 3.194888
400 0.001511 0.312286 200.000000 3.378378
410 0.002143 0.372224 100.000000 3.300330
410 0.001495 0.310506 200.000000 3.436426
420 0.002161 0.373933 100.000000 3.412969
420 0.001507 0.312394 200.000000 3.496504
430 0.002124 0.372513 100.000000 3.533569
430 0.001493 0.310203 200.000000 3.558719
440 0.002129 0.373343 100.000000 3.663004
440 0.001499 0.310871 200.000000 3.623188
450 0.001707 0.358441 100.000000 3.802281
450 0.001285 0.284387 200.000000 3.690037
460 0.001703 0.358155 100.000000 3.952569
460 0.001282 0.283739 200.000000 3.759398
470 0.001638 0.331565 100.000000 4.115226
470 0.001259 0.267154 200.000000 3.831418
480 0.001557 0.330422 100.000000 4.291845
480 0.001219 0.262848 200.000000 3.906250
490 0.001624 0.329756 100.000000 4.484305
490 0.001245 0.265729 200.000000 3.984064
500 0.001244 0.297628 100.000000 4.694836
500 0.001053 0.232958 200.000000 4.065041
510 0.001164 0.205381 100.000000 4.926108
510 0.001013 0.183054 200.000000 4.149378
520 0.002026 0.092729 100.000000 5.050505
520 0.000314 0.066912 200.000000 4.210526
530 0.006581 0.114849 100.000000 5.154639
530 0.000453 0.051197 200.000000 4.246284
540 0.013925 0.822124 100.000000 5.208333
540 0.005985 0.898457 200.000000 4.264392
550 0.000497 0.027111 100.000000 5.235602
560 0.000669 0.016232 100.000000 5.319149
570 0.000854 0.024262 100.000000 5.434783
580 0.005264 0.431115 100.000000 5.524862
590 0.001629 0.210113 100.000000 5.464481
600 0.000942 0.056602 100.000000 2.638522
610 0.000588 0.057401 100.000000 2.695418
620 0.000460 0.057199 100.000000 2.770083
630 0.000474 0.056542 100.000000 2.849003
640 0.000450 0.056660 100.000000 2.932551
650 0.000433 0.058094 100.000000 3.021148
660 0.000427 0.057309 100.000000 3.115265
670 0.000424 0.057431 100.000000 3.215434
680 0.000398 0.057695 100.000000 3.322259
690 0.000389 0.057196 100.000000 3.436426
700 0.000373 0.053242 100.000000 3.521127
710 0.000554 0.080110 100.000000 3.558719
720 0.004271 0.378839 100.000000 3.584229
730 0.002056 0.214353 100.000000 3.584229
