0 0.000848 0.062921 100.000000 2.785515
0 0.000374 0.060847 200.000000 2.051282
10 0.000819 0.066209 100.000000 2.857143
10 0.000332 0.063718 200.000000 2.059732
20 0.000842 0.066487 100.000000 2.906977
20 0.000310 0.064056 200.000000 2.061856
30 0.000628 0.063604 100.000000 1.773050
30 0.000375 0.062617 200.000000 2.063983
40 0.000495 0.062411 100.000000 1.757469
40 0.000522 0.056038 200.000000 2.066116
50 0.000444 0.063179 100.000000 1.757469
50 0.000264 0.052394 200.000000 2.070393
60 0.000348 0.065179 100.000000 1.776199
60 0.000328 0.051930 200.000000 2.087683
70 0.000249 0.060946 100.000000 1.808318
70 0.000276 0.047522 200.000000 2.109705
80 0.000293 0.064230 100.000000 1.841621
80 0.000294 0.051491 200.000000 2.132196
90 0.000297 0.062349 100.000000 1.876173
90 0.000295 0.052026 200.000000 2.155172
100 0.000292 0.060075 100.000000 1.912046
100 0.000295 0.050543 200.000000 2.178649
110 0.000290 0.056467 100.000000 1.949318
110 0.000293 0.049361 200.000000 2.202643
120 0.000290 0.051840 100.000000 1.988072
120 0.000293 0.047116 200.000000 2.227171
130 0.000278 0.049528 100.000000 2.028398
130 0.000289 0.044935 200.000000 2.252252
140 0.000303 0.053042 100.000000 2.070393
140 0.000303 0.047790 200.000000 2.277904
150 0.000286 0.048504 100.000000 2.114165
150 0.000292 0.045170 200.000000 2.304147
160 0.000244 0.042676 100.000000 2.159827
160 0.000267 0.040590 200.000000 2.331002
170 0.000180 0.039823 100.000000 2.207505
170 0.000239 0.035706 200.000000 2.358490
180 0.000204 0.038177 100.000000 2.257336
180 0.000244 0.035841 200.000000 2.386635
190 0.000178 0.037052 100.000000 2.309469
190 0.000234 0.033533 200.000000 2.415459
200 0.000162 0.033592 100.000000 2.364066
200 0.000218 0.030054 200.000000 2.444988
210 0.000231 0.031739 100.000000 2.421308
210 0.000233 0.032047 200.000000 2.475248
220 0.000229 0.028999 100.000000 2.481390
220 0.000225 0.029770 200.000000 2.506266
230 0.000269 0.028299 100.000000 2.544529
230 0.000225 0.030469 200.000000 2.538071
240 0.000273 0.029337 100.000000 2.610966
240 0.000226 0.031857 200.000000 2.570694
250 0.000244 0.025032 100.000000 2.680965
250 0.000207 0.026346 200.000000 2.604167
260 0.000314 0.023473 100.000000 2.754821
260 0.000203 0.026127 200.000000 2.638522
270 0.000401 0.028023 100.000000 2.832861
270 0.000229 0.031833 200.000000 2.673797
280 0.000425 0.030707 100.000000 2.915452
280 0.000175 0.033853 200.000000 2.706360
290 0.000353 0.028272 100.000000 2.985075
290 0.000151 0.032263 200.000000 2.735978
300 0.000650 0.062026 100.000000 3.030303
300 0.000176 0.057105 200.000000 2.758621
310 0.000671 0.042557 100.000000 3.067485
310 0.000376 0.048486 200.000000 2.773925
320 0.000481 0.029122 100.000000 3.086420
320 0.000316 0.039401 200.000000 2.777778
330 0.000345 0.027039 100.000000 3.067485
330 0.000276 0.032341 200.000000 2.762431
340 0.000483 0.040662 100.000000 3.076923
350 0.000372 0.038854 100.000000 3.048780
360 0.000655 0.043644 100.000000 1.600000
370 0.001070 0.078740 100.000000 1.597444
380 0.000846 0.049842 100.000000 1.623377
390 0.000817 0.045822 100.000000 1.650165
400 0.000822 0.046264 100.000000 1.677852
410 0.000780 0.041971 100.000000 1.706485
420 0.000766 0.040800 100.000000 1.736111
430 0.000701 0.034894 100.000000 1.766784
440 0.000682 0.032430 100.000000 1.798561
450 0.000689 0.032345 100.000000 1.831502
460 0.000772 0.040631 100.000000 1.865672
470 0.000749 0.038279 100.000000 1.901141
480 0.000766 0.040423 100.000000 1.937984
490 0.000760 0.040851 100.000000 1.976285
500 0.000720 0.037585 100.000000 2.016129
510 0.000681 0.033313 100.000000 2.057613
520 0.000694 0.034486 100.000000 2.100840
530 0.000705 0.035081 100.000000 2.145923
540 0.000664 0.032166 100.000000 2.192982
550 0.000643 0.030841 100.000000 2.242152
560 0.000615 0.027809 100.000000 2.293578
570 0.000606 0.029003 100.000000 2.347418
580 0.000587 0.025994 100.000000 2.403846
590 0.000621 0.024187 100.000000 2.450980
600 0.000485 0.018633 100.000000 2.475248
610 0.000515 0.018833 100.000000 2.500000
620 0.000256 0.023368 100.000000 2.512563
630 0.000274 0.019154 100.000000 2.518892
640 0.000306 0.019276 100.000000 2.525253
650 0.000269 0.023165 100.000000 2.506266
