0 0.001052 0.079620 100.000000 3.846154
0 0.000246 0.058897 200.000000 5.882353
0 0.000261 0.053220 300.000000 7.125891
0 0.000217 0.058796 400.000000 7.604563
0 0.000156 0.048323 500.000000 8.305648
0 0.000194 0.034914 600.000000 7.623888
10 0.000663 0.113473 100.000000 3.861004
10 0.000305 0.061849 200.000000 5.899705
10 0.000204 0.051594 300.000000 6.787330
10 0.000252 0.062336 400.000000 7.633588
10 0.000118 0.049988 500.000000 8.333333
10 0.000355 0.032463 600.000000 7.594937
20 0.000497 0.142156 100.000000 3.861004
20 0.000318 0.058021 200.000000 5.917160
20 0.000201 0.062887 300.000000 6.741573
20 0.000739 0.063315 400.000000 7.648183
20 0.000147 0.051886 500.000000 8.347245
20 0.000159 0.029140 600.000000 7.556675
30 0.000346 0.126066 100.000000 3.861004
30 0.000380 0.039207 200.000000 5.917160
30 0.000166 0.068606 300.000000 6.756757
30 0.000783 0.063942 400.000000 7.662835
30 0.000143 0.068006 500.000000 8.375210
40 0.000166 0.115062 100.000000 3.875969
40 0.000373 0.034907 200.000000 5.934718
40 0.000083 0.059865 300.000000 6.772009
40 0.000705 0.058928 400.000000 7.677543
40 0.000139 0.062763 500.000000 8.375210
50 0.000312 0.108870 100.000000 3.891051
50 0.000849 0.058271 200.000000 5.970149
50 0.000135 0.061799 300.000000 6.802721
50 0.000820 0.059897 400.000000 7.692307
50 0.000100 0.057364 500.000000 8.361204
60 0.000401 0.089699 100.000000 3.906250
60 0.001382 0.077226 200.000000 5.988024
60 0.000263 0.056173 300.000000 6.802721
60 0.000853 0.057597 400.000000 7.722008
60 0.000187 0.052406 500.000000 7.886436
70 0.000646 0.085726 100.000000 3.937008
70 0.001574 0.091671 200.000000 6.042296
70 0.000207 0.062966 300.000000 6.849315
70 0.000515 0.064834 400.000000 7.736944
70 0.001032 0.052786 500.000000 7.874016
80 0.000416 0.084603 100.000000 3.984064
80 0.001496 0.084427 200.000000 6.097561
80 0.000262 0.064022 300.000000 6.896552
80 0.000256 0.062701 400.000000 7.797271
80 0.000595 0.048933 500.000000 7.874016
90 0.000527 0.104347 100.000000 4.098361
90 0.001151 0.087535 200.000000 6.191950
90 0.000225 0.063502 300.000000 6.993007
90 0.000163 0.064702 400.000000 7.905138
90 0.000710 0.046658 500.000000 7.949126
100 0.000538 0.102682 100.000000 4.255319
100 0.001159 0.085909 200.000000 6.389776
100 0.000321 0.066024 300.000000 7.142857
100 0.000233 0.065368 400.000000 8.064516
100 0.000724 0.046546 500.000000 8.064516
110 0.000536 0.102317 100.000000 4.444445
110 0.001158 0.085765 200.000000 6.600660
110 0.000321 0.065908 300.000000 7.317073
110 0.000233 0.065289 400.000000 8.230453
110 0.000724 0.046532 500.000000 8.196721
120 0.000539 0.101852 100.000000 4.651163
120 0.001157 0.085801 200.000000 6.825939
120 0.000324 0.065952 300.000000 7.500000
120 0.000235 0.065258 400.000000 8.403361
120 0.000724 0.046533 500.000000 8.333333
130 0.000531 0.101308 100.000000 4.878049
130 0.001151 0.084900 200.000000 7.067138
130 0.000322 0.065236 300.000000 7.692307
130 0.000233 0.064697 400.000000 8.583691
130 0.000722 0.046207 500.000000 8.474576
140 0.000532 0.101342 100.000000 5.128205
140 0.001151 0.085162 200.000000 7.326007
140 0.000323 0.065362 300.000000 7.894737
140 0.000234 0.064739 400.000000 8.771930
140 0.000722 0.046262 500.000000 8.620689
150 0.000533 0.101088 100.000000 5.405406
150 0.001150 0.085069 200.000000 7.604563
150 0.000324 0.065317 300.000000 8.108109
150 0.000235 0.064645 400.000000 8.968610
150 0.000721 0.046180 500.000000 8.771930
160 0.000528 0.100501 100.000000 5.714286
160 0.001147 0.084777 200.000000 7.905138
160 0.000323 0.065031 300.000000 8.333333
160 0.000234 0.064466 400.000000 9.174312
160 0.000720 0.046157 500.000000 8.928572
170 0.000521 0.099778 100.000000 6.060606
170 0.001144 0.084324 200.000000 8.230453
170 0.000321 0.064628 300.000000 8.571428
170 0.000233 0.064222 400.000000 9.389671
170 0.000719 0.046085 500.000000 9.090909
180 0.000441 0.098191 100.000000 6.451613
180 0.001127 0.081213 200.000000 8.583691
180 0.000284 0.061804 300.000000 8.823529
180 0.000205 0.063021 400.000000 9.615385
180 0.000709 0.045630 500.000000 9.259259
190 0.000477 0.100044 100.000000 6.896552
190 0.001151 0.086005 200.000000 8.968610
190 0.000296 0.065268 300.000000 9.090909
190 0.000214 0.065485 400.000000 9.852217
190 0.000718 0.047327 500.000000 9.433962
200 0.000393 0.095640 100.000000 7.407407
200 0.001096 0.076658 200.000000 9.389671
200 0.000278 0.058005 300.000000 9.375000
200 0.000200 0.059910 400.000000 10.101010
200 0.000697 0.043908 500.000000 9.615385
210 0.000381 0.091798 100.000000 8.000000
210 0.001068 0.072681 200.000000 9.852217
210 0.000283 0.055103 300.000000 9.677420
210 0.000203 0.057515 400.000000 10.362695
210 0.000688 0.042508 500.000000 9.803922
220 0.000377 0.092346 100.000000 8.695652
220 0.001065 0.072265 200.000000 10.362695
220 0.000283 0.054458 300.000000 10.000000
220 0.000203 0.056907 400.000000 10.638298
220 0.000686 0.042327 500.000000 10.000000
230 0.000367 0.093245 100.000000 9.523809
230 0.001053 0.070554 200.000000 10.928962
230 0.000282 0.052933 300.000000 10.344828
230 0.000202 0.055409 400.000000 10.928962
230 0.000682 0.041350 500.000000 10.204082
240 0.000329 0.090080 100.000000 10.526316
240 0.001008 0.063249 200.000000 11.560694
240 0.000272 0.047407 300.000000 10.714286
240 0.000194 0.051184 400.000000 11.235955
240 0.000665 0.038787 500.000000 10.416667
250 0.000212 0.063014 100.000000 11.627907
250 0.000590 0.037450 200.000000 12.121212
250 0.000246 0.032197 300.000000 11.070110
250 0.000166 0.040568 400.000000 11.494253
250 0.000434 0.032651 500.000000 10.593221
260 0.000502 0.071191 100.000000 12.345679
260 0.000226 0.032535 200.000000 12.269938
260 0.000289 0.013982 300.000000 11.235955
260 0.000214 0.030601 400.000000 11.661808
260 0.000177 0.026071 500.000000 9.469697
270 0.000301 0.020529 100.000000 12.345679
270 0.000173 0.065558 200.000000 10.752688
270 0.000277 0.058105 300.000000 11.278195
270 0.000230 0.062526 400.000000 11.695907
270 0.000205 0.047508 500.000000 9.380863
280 0.000327 0.023687 100.000000 12.500000
280 0.000219 0.088967 200.000000 10.695188
280 0.001033 0.080835 300.000000 11.320755
280 0.000196 0.079717 400.000000 11.730206
280 0.000219 0.051441 500.000000 9.328359
290 0.000657 0.096403 100.000000 12.500000
290 0.000251 0.104480 200.000000 10.752688
290 0.000908 0.096589 300.000000 11.320755
290 0.000187 0.102980 400.000000 11.764706
300 0.000864 0.097185 100.000000 12.500000
300 0.000138 0.098149 200.000000 10.752688
300 0.000942 0.095516 300.000000 11.320755
300 0.000161 0.095091 400.000000 11.730206
310 0.002061 0.092875 100.000000 12.500000
310 0.000231 0.094393 200.000000 10.752688
310 0.001080 0.090392 300.000000 11.363636
310 0.000626 0.078802 400.000000 10.610080
320 0.002375 0.109789 100.000000 12.658228
320 0.000281 0.081692 200.000000 10.752688
320 0.000632 0.081101 300.000000 11.363636
320 0.000665 0.074694 400.000000 10.471204
330 0.002209 0.126041 100.000000 12.658228
330 0.000233 0.073653 200.000000 10.752688
330 0.000238 0.083007 300.000000 11.406844
330 0.000521 0.060995 400.000000 10.362695
340 0.000342 0.132241 100.000000 12.048193
340 0.000358 0.086936 200.000000 10.695188
340 0.000216 0.082363 300.000000 11.406844
340 0.000215 0.058466 400.000000 8.928572
350 0.000368 0.138468 100.000000 9.345795
350 0.000478 0.095489 200.000000 10.695188
350 0.000280 0.080524 300.000000 11.406844
350 0.000171 0.052315 400.000000 8.791209
360 0.000413 0.135076 100.000000 9.259259
360 0.001521 0.092182 200.000000 10.752688
360 0.000242 0.085028 300.000000 11.450381
360 0.000248 0.043757 400.000000 8.752735
370 0.000640 0.111171 100.000000 9.345795
370 0.001143 0.066863 200.000000 10.752688
370 0.000248 0.077522 300.000000 11.494253
380 0.001001 0.080046 100.000000 9.345795
380 0.001014 0.038022 200.000000 10.752688
380 0.000316 0.053735 300.000000 11.450381
390 0.002054 0.122402 100.000000 9.259259
390 0.000521 0.092295 200.000000 10.752688
390 0.000498 0.079235 300.000000 9.966778
400 0.002644 0.209189 100.000000 9.174312
400 0.000635 0.127845 200.000000 10.695188
400 0.000946 0.110898 300.000000 9.803922
410 0.002428 0.218630 100.000000 9.174312
410 0.001221 0.120282 200.000000 10.810811
410 0.000279 0.093626 300.000000 9.740260
420 0.000440 0.065613 100.000000 9.433962
420 0.000190 0.054146 200.000000 10.989011
420 0.000223 0.037158 300.000000 8.174387
430 0.000368 0.113256 100.000000 10.101010
430 0.000226 0.063700 200.000000 11.428572
430 0.000210 0.041658 300.000000 8.310249
440 0.000527 0.120743 100.000000 11.111111
440 0.000274 0.073066 200.000000 12.048193
440 0.000289 0.049718 300.000000 8.522727
450 0.000469 0.086127 100.000000 11.904762
450 0.000233 0.069966 200.000000 12.500000
450 0.000611 0.045916 300.000000 8.595988
460 0.001815 0.059576 100.000000 12.500000
460 0.000218 0.081018 200.000000 12.820513
460 0.000198 0.056066 300.000000 8.571428
470 0.002669 0.071155 100.000000 12.500000
470 0.000162 0.125530 200.000000 12.903226
480 0.002877 0.120095 100.000000 12.500000
480 0.000214 0.132184 200.000000 12.820513
490 0.002883 0.108645 100.000000 12.500000
490 0.000186 0.097876 200.000000 12.658228
500 0.002652 0.134275 100.000000 12.500000
500 0.000170 0.093449 200.000000 10.204082
510 0.000831 0.166788 100.000000 12.658228
510 0.002342 0.090504 200.000000 10.000000
520 0.000087 0.153978 100.000000 12.820513
520 0.000403 0.074793 200.000000 9.756098
530 0.000378 0.152502 100.000000 12.820513
530 0.000428 0.079618 200.000000 7.547170
540 0.002431 0.065946 100.000000 12.987013
540 0.001039 0.070137 200.000000 7.380074
550 0.002836 0.168892 100.000000 12.987013
560 0.002527 0.184329 100.000000 12.987013
570 0.002855 0.256986 100.000000 9.009009
580 0.002191 0.235192 100.000000 8.474576
590 0.002147 0.023494 100.000000 8.064516
600 0.000646 0.055941 100.000000 5.376344
610 0.000545 0.093588 100.000000 5.181347
620 0.001028 0.130965 100.000000 5.076142
