111.750900 -1.091544 0.000000 0.000000
111.750900 -1.091650 0.062300 0.000607
111.732000 -1.091715 0.512448 0.000858
111.681300 -1.091673 1.876965 0.003532
111.628800 -1.091611 3.338774 0.007700
111.593400 -1.091509 5.203854 0.013894
111.567300 -1.091330 7.109335 0.021484
111.596900 -1.091028 9.173568 0.031483
111.676400 -1.090603 11.344956 0.043061
111.827100 -1.090047 14.690203 0.057447
112.031100 -1.089291 18.387555 0.072875
112.263700 -1.085126 21.842169 0.090858
112.495100 -1.083285 25.593907 0.108556
112.722900 -1.086518 29.210235 0.128228
112.928300 -1.092840 32.879843 0.147463
113.109700 -1.092549 36.465838 0.169515
113.244700 -1.091931 39.942801 0.195660
113.346700 -1.092841 43.455449 0.224322
113.398300 -1.092333 47.085752 0.254482
113.410200 -1.092488 50.700687 0.278066
113.394800 -1.092749 54.377742 0.303956
113.354900 -1.093103 58.070163 0.326601
113.323400 -1.086098 61.691087 0.348957
113.364900 -1.080425 65.223592 0.370988
114.076200 -1.080084 68.849601 0.417985
116.082500 -1.077841 71.799386 0.475085
119.119700 -1.077642 73.611472 0.502315
122.558200 -1.083734 74.606539 0.519546
126.125700 -1.083708 74.975789 0.508124
129.711600 -1.082153 74.881659 0.488352
133.504900 -1.081554 74.556198 0.459190
137.444900 -1.080815 74.092959 0.426579
141.434900 -1.080388 73.559023 0.392320
145.643700 -1.079819 73.001719 0.357252
149.483500 -1.079294 72.503164 0.328152
153.524800 -1.078627 72.003741 0.298093
157.769100 -1.078092 71.464429 0.228619
161.682800 -1.077518 71.013477 0.180461
165.655000 -1.075652 70.653993 0.163113
169.500900 -0.908931 70.327711 0.142250
173.342800 -0.669430 70.077652 0.118916
177.049300 -0.445364 69.998895 0.150382
180.985700 -0.206174 70.318427 0.232741
184.890200 0.022321 71.115440 0.305498
188.709000 0.235870 72.301450 0.415806
192.032000 0.423965 73.847300 0.550681
195.404400 0.622475 75.865743 0.691040
198.363500 0.824180 78.106607 0.859786
200.659400 1.076361 80.501124 1.051564
203.304700 1.479709 83.291664 1.246374
205.621000 1.873179 86.155944 1.450347
207.737500 2.332630 89.247625 1.651985
209.746000 2.878074 92.860292 1.835956
211.274100 3.297670 96.444007 2.053679
212.796600 3.808854 100.378699 2.251899
213.811400 4.251953 103.955240 2.415690
214.735600 4.721768 107.638672 2.562554
215.595100 5.215585 111.446595 2.681062
216.407900 5.705097 115.119448 2.786052
217.208500 6.201069 118.947036 2.893372
218.016900 6.705856 122.711525 2.998426
218.780600 7.182755 126.430676 3.102010
219.622100 7.705255 130.326171 3.210068
220.419100 8.192702 134.003708 3.311001
221.305400 8.659958 138.079786 3.409445
222.161100 8.925902 141.688303 3.509447
223.104000 9.173759 145.717857 3.616346
224.115600 9.421329 149.926747 3.728664
225.088500 9.652903 153.975353 3.837141
226.107300 9.892872 157.929279 3.943182
226.993500 10.066350 162.052387 4.074184
227.605400 10.083220 166.436921 4.226334
227.843700 10.085270 170.726769 4.380123
227.880100 10.085420 174.809821 4.512032
227.779900 10.085430 178.879708 4.644319
227.611800 10.085510 182.963959 4.770177
227.392300 10.085680 187.317033 4.885551
227.191700 10.085930 191.281006 4.998628
226.999300 10.086210 195.189236 5.109033
226.790300 10.086430 199.466279 5.226031
226.606300 10.086820 203.492202 5.336743
226.455900 10.086880 207.242078 5.439684
226.329300 10.087190 211.405139 5.550892
226.253500 10.086320 215.359384 5.657135
226.228700 10.083960 219.544821 5.743043
226.251500 10.083830 223.560955 5.851684
226.299400 10.081370 227.896928 5.967081
226.356400 10.080530 232.095602 6.080187
226.416400 10.080360 236.063985 6.188804
226.477600 10.080370 240.049288 6.297506
226.545000 10.080360 244.274807 6.410898
226.606800 10.080390 248.201078 6.516740
226.672900 10.080360 252.431303 6.628152
226.739300 10.080360 256.565539 6.736877
226.798500 10.080360 260.605777 6.842012
226.853500 10.080310 264.651055 6.947438
226.903700 10.080120 269.084479 7.043357
226.940000 10.079970 273.080145 7.145495
226.965400 10.079740 277.196293 7.250583
226.978500 10.079530 281.295175 7.353432
226.981400 10.079360 285.546863 7.458481
226.976200 10.079150 289.976413 7.537984
226.964100 10.078960 294.287084 7.643264
226.947400 10.078790 298.339955 7.741414
226.927700 10.078590 302.212417 7.835654
226.903800 10.078440 306.189594 7.932680
226.876400 10.078200 310.552868 8.034519
226.850900 10.078060 314.501111 8.129640
226.816800 10.077940 318.536196 8.231893
226.726800 10.077940 322.497693 8.356661
226.085000 10.077860 326.178958 8.492324
223.599400 9.983257 329.156324 8.410875
219.968100 9.647016 330.431598 8.552091
215.716100 9.273951 330.836996 8.722589
211.820400 8.939854 330.649508 9.014304
207.841000 8.599581 330.187517 9.296157
203.538400 8.233029 329.543526 9.554985
199.685300 7.902393 328.888861 9.771828
195.726900 7.550668 328.196661 9.989560
191.775300 7.191722 327.494157 10.208146
187.365100 6.788962 326.732684 10.447285
183.113500 6.401733 326.037503 10.680081
179.185200 6.045437 325.426955 10.902691
175.351300 5.699421 324.893879 11.121941
171.026200 5.310834 324.364537 11.359384
166.718200 4.925550 323.912291 11.603116
162.061300 4.510576 323.528123 11.842366
158.035900 4.152807 323.171468 12.081873
153.824800 3.778999 322.806027 12.328165
149.460600 3.391915 322.435905 12.572246
145.261800 3.019635 322.108325 12.807946
141.534000 2.834072 321.799397 13.030346
137.482800 2.834971 321.449885 13.270051
133.912300 2.832960 321.141850 13.482878
129.763700 2.832854 320.792110 13.719102
125.540200 2.832863 320.399848 13.938047
121.372100 2.832874 319.948365 14.168505
117.073000 2.832942 319.422056 14.416770
113.010100 2.832916 318.828409 14.655566
108.979000 2.832803 318.246604 14.879126
104.794200 2.832904 317.636966 15.107641
100.663700 2.832915 317.040268 15.328803
96.424130 2.832608 316.407517 15.558952
91.905320 2.832433 315.739966 15.798785
87.669800 2.832318 315.116462 16.023827
83.502080 2.832217 314.472209 16.251724
79.354640 2.832080 313.823063 16.465719
75.290380 2.831965 313.210318 16.680583
71.173490 2.831852 312.600965 16.897198
67.054740 2.831766 311.999812 17.115660
62.934770 2.831641 311.400337 17.307964
59.189930 2.831614 310.859021 17.519755
55.471340 2.831440 310.352173 17.719781
50.906070 2.831386 309.805813 17.935512
46.736120 2.831199 309.237261 18.160306
42.634410 2.831111 308.678204 18.375770
38.956180 2.831049 308.184845 18.575660
34.809990 2.830902 307.647558 18.795217
30.881920 2.830846 307.165101 18.994450
26.896530 2.830795 306.670162 19.201972
22.704950 2.830700 306.126722 19.424065
18.574760 2.830558 305.598223 19.637702
14.430980 2.823523 305.067221 19.850371
10.691120 2.797617 304.584165 20.043804
6.930587 2.788574 304.044022 20.252905
3.526610 2.782889 303.132268 20.421198
0.424367 2.814114 300.035352 20.482901
-0.655665 2.912122 296.191081 20.306350
-0.878271 2.891300 291.863041 20.076399
-0.684908 2.762116 287.809476 20.028351
-0.263285 2.574070 283.783273 20.012194
0.047259 2.457003 279.874997 19.989203
0.320991 2.354224 275.830659 19.949668
0.580979 2.244375 271.887798 19.913588
0.822828 2.124996 267.847381 19.864381
1.005266 2.015835 263.736713 19.813276
1.155427 1.931115 259.681931 19.748997
1.232869 1.870006 255.562476 19.661652
1.239714 1.838620 251.547481 19.580063
1.199244 1.805179 247.451946 19.478595
1.130220 1.772073 243.319673 19.382510
1.084435 1.745178 239.433440 19.292224
1.069348 1.722907 235.381833 19.210910
1.050476 1.702250 231.796042 19.136074
1.030167 1.680808 227.809526 19.050578
1.008840 1.657834 223.524610 18.951239
0.987934 1.634592 219.360837 18.872027
1.029509 1.616083 215.235333 18.791175
1.330649 1.627715 211.176373 18.710735
1.344069 1.598238 206.971308 18.626308
1.359095 1.566795 202.547369 18.510925
1.372499 1.535447 198.539203 18.434251
1.386708 1.499342 194.015630 18.339382
1.399823 1.464429 189.849794 18.254423
1.412031 1.430686 185.781333 18.168691
1.429568 1.392648 181.611324 18.085708
1.440501 1.358745 177.838518 18.013841
1.402069 1.316012 173.560356 17.925285
1.571962 1.301997 169.361091 17.834279
1.836130 1.292173 165.138023 17.747363
2.102076 1.260939 161.080486 17.663762
2.177184 1.220764 157.082824 17.580708
2.049790 1.212934 153.006661 17.494470
1.978503 1.194284 149.086536 17.416908
2.056237 1.195513 145.485538 17.356129
2.218561 1.142044 141.629074 17.368487
3.946971 1.045021 138.777634 17.473913
7.031654 1.008818 137.202050 17.872255
11.183670 0.965600 136.974425 18.371956
15.653100 0.616554 137.477261 18.895697
20.137900 0.234197 138.437872 19.482219
24.273030 -0.135872 139.531208 20.046707
28.437620 -0.508224 140.813509 20.617123
32.551570 -0.807222 142.099886 21.179185
36.791440 -1.018664 143.441159 21.764795
40.474650 -1.082999 144.577230 22.267790
44.643740 -1.080575 145.780295 22.806701
48.864720 -1.084027 146.934056 23.343238
52.945270 -1.088170 148.039388 23.888769
56.934890 -1.092515 149.050685 24.417123
60.900920 -1.096992 149.986725 24.939804
65.033790 -1.101589 150.933261 25.489239
69.068080 -1.106325 151.825462 26.018973
73.327670 -1.109826 152.794743 26.592467
77.772710 -1.092927 153.734516 27.153038
81.767180 -1.080649 154.616391 27.682716
86.163870 -1.080865 155.551980 28.238780
89.897380 -1.081424 156.372024 28.727255
93.756920 -1.082048 157.236177 29.237869
97.617850 -1.081106 158.086432 29.745943
101.264400 -1.081251 158.902551 30.234981
104.986300 -1.081485 159.606489 30.742003
108.271900 -1.080832 158.946045 31.242690
110.635300 -1.081004 155.829381 31.693303
111.432600 -1.079862 152.146197 31.935612
111.585200 -1.075663 148.313818 32.066205
111.456900 -1.077969 144.238055 32.133419
111.194200 -1.078775 140.207620 32.171284
110.837800 -1.079152 135.894124 32.212027
110.708700 -1.009730 131.970072 32.255419
110.501700 -0.976773 127.249755 32.268422
110.139800 -0.977763 122.646356 32.294897
109.864800 -0.976397 118.037591 32.290925
109.683400 -0.974559 114.313844 32.361423
109.565400 -0.973896 110.094045 32.442365
109.512400 -0.974055 105.834627 32.521675
109.514600 -0.975126 101.198727 32.552273
109.551300 -0.976387 97.421446 32.648194
109.607600 -0.978001 93.564668 32.747286
109.674300 -0.978060 89.618669 32.847391
109.751500 -0.978935 85.379665 32.952724
109.823500 -0.980030 81.359885 33.054255
109.900200 -0.981821 77.095517 33.142812
109.933700 -0.992034 73.111568 33.246059
109.835400 -1.036098 68.646658 33.336774
109.733700 -1.085249 64.547767 33.440744
109.781100 -1.085666 60.434814 33.542071
109.801200 -1.102003 56.581700 33.636458
109.806900 -1.106610 52.618650 33.729622
109.796500 -1.106047 48.727215 33.816532
109.768800 -1.105909 44.542288 33.908012
109.731200 -1.105889 40.577311 33.991336
109.684400 -1.105155 36.586376 34.073872
109.629700 -1.103922 32.307448 34.158722
109.580600 -1.095255 28.312804 34.240807
109.515500 -1.086136 24.307459 34.325156
109.454700 -1.087785 20.512182 34.407014
109.392000 -1.090424 16.183281 34.494855
109.327700 -1.091350 12.198052 34.575649
109.260500 -1.091833 8.076615 34.657618
109.195500 -1.092050 4.063020 34.734357
109.135700 -1.092051 0.045371 34.811019
109.075100 -1.092065 -4.171206 34.888584
109.015900 -1.092046 -8.327958 34.963478
108.962500 -1.091963 -11.985650 35.029606
108.902600 -1.091240 -15.754425 35.092307
108.737200 -1.086449 -19.685652 35.138820
107.514000 -1.007214 -23.794603 35.097115
104.333800 -1.007293 -27.229436 34.679129
100.249500 -1.041661 -29.101806 34.190359
95.988230 -1.060264 -30.372167 33.591524
92.057270 -1.075953 -31.194017 32.988167
88.189620 -1.067371 -31.798869 32.395989
83.948230 -1.061083 -32.376236 31.755576
79.569310 -1.054620 -32.957332 31.106665
75.568340 -1.035697 -33.508925 30.502216
71.152360 -0.949395 -34.148255 29.848725
67.194730 -0.938366 -34.725461 29.285302
62.699800 -0.931155 -35.508217 28.560327
58.515210 -0.926382 -36.257168 27.962384
54.626680 -0.920983 -37.064173 27.407466
50.615050 -0.914349 -37.953824 26.823960
46.340900 -0.906403 -38.957145 26.175831
42.247850 -0.898482 -39.908405 25.576398
37.980750 -0.873946 -40.907089 24.946134
33.962830 -0.754828 -41.864141 24.329573
29.930020 -0.617952 -42.798060 23.725713
25.907920 -0.473086 -43.761911 23.093598
21.748010 -0.313123 -44.675133 22.485579
17.880430 -0.132590 -45.380098 21.887931
13.912780 0.124029 -45.610864 21.294857
10.193460 0.372311 -45.002615 20.736764
7.211747 0.642584 -43.280657 20.253797
5.176275 0.951148 -40.314582 19.915245
4.236777 1.038014 -36.285705 19.712088
3.899505 1.030024 -32.135904 19.547299
3.868180 1.028580 -28.193922 19.415232
4.019670 1.027925 -23.975573 19.308532
4.274714 1.027173 -19.383485 19.165316
4.544753 1.026383 -15.228483 19.083073
4.811646 1.025702 -11.150953 19.002539
5.074595 1.025486 -7.037078 18.919554
5.309156 1.024303 -3.001209 18.838363
5.534908 1.020615 1.283663 18.748754
5.677992 1.016162 5.139954 18.664783
5.754002 1.010189 9.157033 18.570387
5.765875 1.004343 13.138715 18.462527
5.722631 0.998899 17.246205 18.346755
5.639415 0.993599 21.515800 18.196824
5.535097 0.991016 25.348395 18.079088
5.414536 0.991687 29.396304 17.947711
5.278550 0.991951 33.522397 17.810825
5.151132 0.993071 37.510288 17.678036
5.019439 0.994227 41.346493 17.549666
4.880270 0.995802 45.550037 17.406405
4.744003 0.997877 50.040931 17.211456
4.615284 0.999826 54.076787 17.073237
4.504300 1.001724 58.153000 16.932633
4.405138 1.002372 62.118684 16.795510
4.326877 1.002014 66.266592 16.653572
4.269762 1.001623 70.540192 16.507152
4.235868 1.000956 74.507204 16.373073
4.217412 1.000247 78.446994 16.241136
4.211657 0.999658 82.195582 16.116398
4.216848 0.999018 86.486624 15.970707
4.228743 0.998439 90.533271 15.835108
4.243503 0.998161 94.588983 15.699789
4.257600 0.998612 98.613877 15.563166
4.271733 0.999085 102.491138 15.435366
4.288376 1.000447 106.527620 15.299840
4.306116 1.002082 110.775909 15.155251
4.321680 1.003211 114.216938 15.042667
4.336536 1.002370 118.361653 14.903777
4.347091 1.002828 122.269698 14.773488
4.351722 1.003729 126.304651 14.637185
4.348337 1.003726 130.190259 14.504965
4.336438 1.003218 133.942985 14.378385
4.318465 1.005342 137.706107 14.251193
4.300183 1.011599 141.801025 14.112074
4.272185 1.024472 145.461884 13.989152
4.235533 1.034251 149.732554 13.836355
4.195091 1.045346 153.868119 13.692830
4.145657 1.062106 157.781804 13.557856
4.085467 1.085994 161.589477 13.427267
4.035432 1.115550 165.434183 13.293879
3.989479 1.143447 169.173584 13.164578
3.941354 1.172376 172.969180 13.032938
3.891809 1.202050 176.746001 12.902402
3.842025 1.232159 180.537998 12.771443
3.793188 1.262144 184.309238 12.640322
3.745175 1.291485 188.324327 12.499628
3.693562 1.323671 192.195959 12.364750
3.642348 1.356057 196.091233 12.228952
3.590956 1.389808 200.051059 12.092994
3.546902 1.420290 203.999073 11.956893
3.503931 1.452150 208.202396 11.809475
3.464941 1.483830 212.280357 11.664776
