324.876700 3.421057 0.000000 0.000000
324.876700 3.421002 0.749442 0.002668
324.786100 3.419812 1.385868 0.003383
324.287900 3.420333 2.263090 0.008213
323.343300 3.420224 3.321732 0.014811
321.963300 3.420185 4.779348 0.025956
320.258200 3.420441 6.479029 0.037159
317.847300 3.420383 8.687827 0.053747
314.941500 3.422155 11.308577 0.072920
311.496300 3.430615 14.792746 0.100559
307.548300 3.425715 18.519568 0.121923
303.547500 3.421194 22.265231 0.140541
299.448000 3.420681 25.971448 0.152930
295.873800 3.420698 29.766482 0.163836
291.750800 3.420722 33.593382 0.173476
287.815500 3.420762 37.462183 0.183776
284.156300 3.420764 41.126032 0.194119
280.381900 3.420700 44.736794 0.204996
276.283900 3.420723 48.578596 0.214190
272.421000 3.420780 52.454107 0.221765
268.537500 3.420791 56.232715 0.229753
264.032400 3.420794 60.136814 0.235646
260.009500 3.420765 63.964090 0.240748
255.946900 3.420736 67.681004 0.247749
252.227200 3.420720 71.571671 0.255024
247.781600 3.420730 75.419949 0.262556
244.461500 3.420761 79.193928 0.269403
240.589700 3.420766 83.038302 0.276372
236.590700 3.420747 86.878326 0.282631
232.477100 3.420767 90.657214 0.288445
228.759100 3.420754 94.564139 0.294373
224.726900 3.420735 98.426276 0.299947
220.867000 3.420728 102.309667 0.305185
217.006100 3.420692 106.356837 0.308684
212.934600 3.420722 110.412313 0.311552
208.833100 3.420726 114.402672 0.313854
204.775500 3.420753 118.336983 0.316589
201.169400 3.420688 122.045139 0.319096
197.221800 3.420786 125.766643 0.321839
193.669900 3.420918 129.285763 0.324685
190.066000 3.420273 132.930240 0.327865
186.639200 3.420222 136.182885 0.332021
183.659900 3.421228 139.210755 0.337634
181.176800 3.421754 142.018679 0.343671
178.511900 3.420501 144.536389 0.349442
175.908500 3.420032 146.989310 0.356544
173.578500 3.420943 149.217867 0.363560
171.351400 3.422227 151.292181 0.370851
169.350300 3.421023 153.397293 0.377503
167.591400 3.419074 155.541408 0.383898
165.672600 3.420728 157.656740 0.390288
163.440100 3.420643 159.939203 0.395791
160.824600 3.420129 162.305426 0.401218
157.356700 3.419998 165.547686 0.404561
153.423000 3.421129 169.189990 0.405877
149.769900 3.420805 172.790768 0.407937
145.682100 3.420663 176.536616 0.409658
142.451200 3.420794 180.228059 0.411541
138.402300 3.420744 184.077230 0.412727
134.492900 3.420755 187.863917 0.413639
130.653800 3.420759 191.501109 0.414517
127.017000 3.421432 194.961311 0.416088
123.303900 3.421373 198.298249 0.418672
120.232500 3.420262 201.375413 0.423033
116.986900 3.419936 204.618266 0.425522
114.086200 3.420666 207.560744 0.429999
111.652600 3.422554 209.485956 0.433604
110.719300 3.423571 210.022502 0.433601
110.809300 3.421053 210.573591 0.433688
110.791700 3.421314 211.208755 0.434934
110.799100 3.421133 211.886198 0.436900
110.802000 3.421059 212.376635 0.436227
110.803400 3.421003 212.532934 0.436218
110.804000 3.420972 213.062985 0.435841
110.804200 3.420954 213.832237 0.436567
110.711300 3.419840 214.409127 0.439249
110.251600 3.420250 215.946765 0.446915
109.269800 3.420213 217.417012 0.456178
107.896000 3.420290 219.226324 0.468022
106.215900 3.420284 221.151638 0.481877
104.035600 3.421883 223.075321 0.496390
102.163600 3.419747 225.001774 0.509248
100.541600 3.420158 226.957843 0.522221
98.588620 3.420851 228.873360 0.540091
96.166680 3.420100 230.852421 0.562155
93.583400 3.419444 233.071222 0.604562
90.862030 3.419591 235.908935 0.651942
88.618600 3.419633 238.437457 0.659764
87.550220 3.453018 239.796393 0.633554
87.607160 3.485653 240.156779 0.634974
87.494770 3.443444 240.156815 0.635520
87.505390 3.440786 240.156530 0.635760
87.429690 3.441803 240.155516 0.636005
87.296460 3.442347 240.154843 0.636521
87.292420 3.439335 240.153026 0.636495
87.304180 3.441372 240.150503 0.635883
87.302700 3.440930 240.148279 0.636163
87.301120 3.440245 240.147182 0.636713
87.300260 3.439576 240.146060 0.637125
87.298770 3.438708 240.145630 0.637713
87.297240 3.437818 240.144502 0.638129
87.295830 3.436929 240.141981 0.638215
87.295690 3.436452 240.140414 0.637784
87.296230 3.436298 240.138115 0.637577
87.297260 3.436294 240.135727 0.636888
87.298130 3.436244 240.135909 0.635173
87.299240 3.436193 240.134873 0.635301
87.300380 3.436212 240.133281 0.635811
87.318760 3.445208 240.131724 0.635924
87.450190 3.444303 240.130187 0.636352
87.678590 3.441877 240.128717 0.636689
87.891230 3.442250 240.128552 0.637299
88.001630 3.418826 240.127777 0.637854
88.094860 3.419672 240.255982 0.632894
88.072220 3.421298 240.346013 0.627143
88.086560 3.422000 240.398007 0.622242
88.266450 3.421995 240.519745 0.616484
88.564560 3.420440 240.686444 0.613752
88.795020 3.421067 240.845062 0.606641
89.011220 3.420768 240.932932 0.599858
89.180740 3.422821 241.110266 0.594138
89.257320 3.422383 241.265705 0.586939
89.242460 3.422402 241.463068 0.581051
89.122370 3.422429 241.690398 0.576185
88.926540 3.419415 241.937921 0.570601
88.620470 3.420241 242.283013 0.566194
88.240720 3.420290 242.821131 0.562544
87.908590 3.420252 243.430574 0.560470
87.647720 3.437088 244.025446 0.553754
87.436530 3.442630 244.660113 0.547934
87.400170 3.471582 245.178946 0.557693
87.421720 3.468414 245.529269 0.564547
87.702710 3.419939 245.745493 0.546107
88.133260 3.421685 245.981735 0.506149
88.476150 3.421175 246.242585 0.466849
88.796210 3.420670 246.564856 0.426742
89.008000 3.420076 246.930029 0.387972
89.124630 3.420960 247.351828 0.349488
89.197460 3.421790 247.815831 0.313107
89.204090 3.421578 248.297597 0.281325
89.191520 3.420333 248.626660 0.262424
89.149980 3.420878 248.641071 0.262152
89.127470 3.423905 248.642173 0.262710
89.130850 3.420905 248.642439 0.262135
89.130580 3.421329 248.640482 0.262592
89.130710 3.421126 248.639725 0.263077
89.130760 3.421026 248.638917 0.263611
89.130780 3.421011 248.637117 0.264047
89.130800 3.420965 248.634917 0.264500
89.130810 3.420938 248.633742 0.264951
89.130810 3.420951 248.631628 0.265396
89.130810 3.420926 248.629752 0.265856
89.130810 3.420937 248.627852 0.266353
89.130810 3.420956 248.626950 0.266941
89.130810 3.420941 248.626057 0.267534
89.130810 3.420932 248.627789 0.268201
89.130810 3.420932 248.626646 0.268686
89.130810 3.420958 248.626103 0.269318
89.130810 3.420923 248.625692 0.269750
89.130810 3.420938 248.623895 0.270196
89.130810 3.420929 248.627619 0.269286
89.130810 3.420953 248.625719 0.269809
89.130810 3.420943 248.623521 0.270153
89.130810 3.420949 248.622257 0.270652
89.130810 3.420935 248.621634 0.271232
89.130810 3.420955 248.619626 0.271502
89.130810 3.420946 248.618196 0.272015
89.130810 3.420943 248.616873 0.272529
89.130810 3.420956 248.615219 0.272980
89.130810 3.420977 248.614447 0.273566
89.130810 3.420978 248.613269 0.274130
89.130810 3.420939 248.611363 0.274547
89.130810 3.420967 248.609753 0.274744
89.130810 3.420955 248.610064 0.274800
89.130810 3.420959 248.608919 0.275276
89.130810 3.420938 248.608096 0.275747
89.130810 3.420939 248.606742 0.276262
89.130810 3.420947 248.605541 0.276795
89.130810 3.420928 248.604505 0.277296
89.130810 3.420945 248.604030 0.277880
89.130810 3.420941 248.601861 0.278035
89.130810 3.420945 248.600554 0.278578
89.130810 3.420937 248.599653 0.279159
89.130810 3.420949 248.598322 0.279674
89.130810 3.420928 248.597052 0.280201
89.130810 3.420924 248.594959 0.280614
89.130810 3.420954 248.594895 0.281310
89.130810 3.420930 248.594149 0.281777
89.130810 3.420949 248.592619 0.282246
89.130810 3.420929 248.590322 0.282521
89.130810 3.420929 248.588648 0.283031
89.130810 3.420945 248.588014 0.283551
89.130810 3.420953 248.592022 0.283581
89.130810 3.420935 248.591274 0.284132
89.130810 3.420962 248.589839 0.284634
89.130810 3.420934 248.588508 0.285136
89.130810 3.420967 248.587381 0.285729
89.130810 3.420961 248.587577 0.286295
89.130810 3.420942 248.592358 0.285784
89.130810 3.420962 248.591614 0.285902
89.130810 3.420962 248.589886 0.286384
89.130810 3.420949 248.588462 0.286913
89.130810 3.420932 248.587693 0.287449
89.130810 3.420957 248.586364 0.287769
89.130810 3.420937 248.585447 0.288240
89.130810 3.420961 248.584543 0.287947
89.130810 3.420955 248.583248 0.288501
89.130810 3.420950 248.581235 0.288909
89.130810 3.420941 248.578965 0.289345
89.128550 3.419839 248.576550 0.289670
89.115310 3.420180 248.575121 0.290176
89.090510 3.420230 248.661938 0.282210
89.051440 3.420235 248.870447 0.264017
88.995090 3.420274 249.201763 0.234694
88.931240 3.422777 249.533563 0.205971
88.875400 3.419960 249.867868 0.177309
88.806710 3.419877 250.197328 0.149282
88.750770 3.420192 250.495382 0.128800
89.082100 3.419059 250.487420 0.125486
90.534060 3.417929 249.507948 0.098871
93.263080 3.419043 247.181809 0.070863
96.737370 3.420163 244.046732 0.042303
97.991880 3.462098 242.687819 0.048420
97.613590 3.447169 242.684936 0.048858
97.685910 3.441357 242.684311 0.049393
98.157050 3.441883 242.683779 0.049936
98.370540 3.439121 242.671814 0.048480
98.408390 3.441370 242.638825 0.046549
98.408260 3.440560 242.630006 0.044460
98.410790 3.439923 242.627649 0.043602
98.413320 3.439225 242.472775 0.039313
98.416110 3.438349 242.364112 0.035379
98.310620 3.445275 242.359716 0.034008
97.762200 3.441879 242.323619 0.032863
97.287790 3.418382 242.281463 0.030564
96.887070 3.420400 241.783835 0.028858
97.012600 3.421095 241.585929 0.024953
97.123940 3.421935 241.563256 0.022867
96.730850 3.421933 241.530741 0.021295
95.786000 3.420902 241.530867 0.020988
94.770760 3.421056 241.515551 0.018752
93.858670 3.420808 241.466930 0.015855
93.199160 3.419826 241.376837 0.014040
92.915050 3.420159 241.377411 0.014494
93.083080 3.420153 241.376168 0.014110
93.633540 3.420190 241.367876 0.012655
94.523150 3.420201 240.802277 0.009716
95.822850 3.420237 239.697265 0.008898
97.636760 3.420274 237.395755 0.013227
99.755470 3.433923 234.999412 0.018550
102.538800 3.441383 232.470086 0.026667
105.648600 3.471797 229.652042 0.035931
109.173400 3.466682 226.530879 0.044620
112.978500 3.466173 223.272399 0.051781
116.392900 3.442097 219.792051 0.047568
120.094900 3.417664 216.077141 0.030275
123.835900 3.420738 212.429196 0.012970
127.467200 3.420975 208.810612 -0.005446
130.904600 3.420716 205.219773 -0.023877
134.467800 3.420742 201.607764 -0.043255
138.071300 3.420758 198.054512 -0.062552
141.708500 3.420722 194.461564 -0.082810
145.508400 3.420720 190.872148 -0.103498
148.967900 3.420731 187.263878 -0.124437
152.670900 3.420782 183.676834 -0.145536
156.497000 3.420744 180.072907 -0.167491
160.142900 3.420738 176.504112 -0.188754
163.795300 3.420762 172.935403 -0.209231
167.436700 3.420776 169.337833 -0.229959
171.278000 3.420770 165.743049 -0.250450
174.879500 3.420714 162.105934 -0.271290
178.599700 3.420762 158.473906 -0.292225
182.463000 3.420764 154.875566 -0.311709
185.825500 3.420740 151.240048 -0.332054
189.611700 3.420740 147.685393 -0.351351
193.239900 3.420745 144.139061 -0.370710
196.895800 3.420748 140.610983 -0.390117
200.357100 3.420721 137.072163 -0.409970
203.753700 3.420730 133.500616 -0.430289
207.375600 3.420778 129.936986 -0.450296
211.001400 3.420756 126.380792 -0.470502
214.636700 3.420758 122.806181 -0.490913
218.229400 3.420758 119.206754 -0.511407
221.870900 3.420750 115.661132 -0.531792
225.298600 3.420730 112.159606 -0.551190
228.909100 3.420727 108.630398 -0.571895
232.721800 3.420762 104.998698 -0.594199
236.085700 3.420750 101.362850 -0.616284
239.697800 3.420752 97.742302 -0.638103
243.495100 3.420731 94.118833 -0.660718
247.241100 3.420765 90.441702 -0.683812
250.991800 3.420799 86.808037 -0.706738
255.083000 3.420775 83.232206 -0.729857
258.684600 3.420725 79.577995 -0.754424
262.740900 3.420746 75.892647 -0.779307
266.393900 3.420757 72.195542 -0.804769
269.960100 3.420751 68.552945 -0.830951
273.395400 3.420797 64.920873 -0.856777
277.038000 3.420699 61.323314 -0.881916
280.425900 3.420745 57.759921 -0.907044
284.011400 3.420700 54.192430 -0.931983
287.753100 3.420726 50.617150 -0.957414
291.306900 3.420756 47.048173 -0.983052
295.461600 3.420768 43.436799 -1.009519
299.344100 3.420923 39.874863 -1.035196
302.683000 3.419933 36.520586 -1.058844
306.001500 3.420539 33.111059 -1.082654
308.939200 3.421796 30.016259 -1.102028
311.661300 3.422037 27.155129 -1.118856
313.031500 3.426140 25.253533 -1.129952
312.880700 3.419711 23.134423 -1.140706
312.934200 3.421294 21.760631 -1.146072
312.926000 3.421149 19.907756 -1.154693
312.922500 3.421038 17.559047 -1.166447
