131.523700 3.385708 0.000000 0.000000
131.523200 3.385602 0.567287 -0.000378
131.501100 3.385603 1.013755 -0.002664
131.455400 3.385544 1.560812 -0.004576
131.425500 3.393562 3.436011 0.008893
131.385600 3.400501 5.294801 0.021646
131.345300 3.406549 7.429519 0.034900
131.362600 3.415179 9.705819 0.050962
131.361300 3.410905 12.191459 0.063027
131.361900 3.393530 14.877084 0.077423
131.395400 3.385066 17.504244 0.088731
131.437800 3.385855 19.736352 0.097544
131.442400 3.385529 21.150562 0.102544
131.446700 3.385593 22.789812 0.108228
131.463500 3.385515 24.352477 0.113628
131.491800 3.385555 26.103283 0.120479
131.536400 3.385642 28.091250 0.128784
131.596900 3.385532 30.062498 0.136593
131.670100 3.385577 32.036280 0.144581
131.742200 3.385545 34.044197 0.152545
131.825900 3.385621 36.041494 0.160939
131.963800 3.385522 38.001803 0.170635
132.425400 3.385513 40.106152 0.194503
133.872300 3.385524 43.017904 0.233282
136.657700 3.385555 45.224427 0.268288
139.849100 3.419523 46.229440 0.275290
143.609400 3.413738 46.487925 0.322182
147.123100 3.433131 46.602676 0.361914
151.125600 3.431313 46.539015 0.422450
155.313700 3.397176 46.343732 0.465484
158.647200 3.383218 46.131923 0.484353
162.426000 3.385349 45.901626 0.503944
165.983100 3.385699 45.664120 0.523057
168.290900 3.385788 45.500683 0.538660
171.253600 3.385704 45.299351 0.554554
174.218700 3.385713 45.123266 0.568925
176.452800 3.385532 44.964809 0.583439
179.062400 3.385430 44.808497 0.597647
181.241100 3.385723 44.682688 0.609961
183.242000 3.385766 44.598442 0.623673
185.226600 3.385740 44.637829 0.640433
187.365100 3.385470 45.401768 0.655138
189.390600 3.385450 47.373875 0.683115
190.663100 3.385338 50.451148 0.691948
191.195500 3.385403 54.246744 0.697067
191.292300 3.385531 58.239243 0.665064
190.955800 3.385490 62.395316 0.638085
190.463600 3.385354 66.705408 0.598752
189.955700 3.385275 71.422318 0.507245
189.522500 3.385655 76.737258 0.339238
189.175000 3.385517 81.950627 0.185636
188.997300 3.385638 86.635773 0.112703
188.926300 3.385756 90.283483 0.102936
188.914300 3.385490 93.707680 0.088516
188.906600 3.384990 97.985007 0.041507
188.573300 3.384084 101.878816 0.028954
186.443600 3.383791 105.758270 0.004504
183.116000 3.384588 109.073365 -0.014992
178.661300 3.385659 111.720808 -0.037182
174.705400 3.385535 113.973398 -0.081751
170.786600 3.385731 115.937962 -0.131710
167.112300 3.385673 117.921454 -0.182856
163.219200 3.385477 119.910405 -0.232352
159.297900 3.385458 121.810325 -0.278967
155.660300 3.385579 123.717140 -0.321818
151.104800 3.385380 126.136940 -0.410035
146.681600 3.385448 128.441302 -0.499088
141.629400 3.385533 131.497436 -0.687028
135.458200 3.385088 135.739144 -0.753608
127.685800 3.385325 140.605543 -0.704018
119.507800 3.385523 145.684996 -0.634562
112.237500 3.385556 150.479741 -0.651160
105.473300 3.385504 155.052630 -0.651015
99.637470 3.385466 158.769901 -0.772725
94.023830 3.385510 162.165621 -0.848324
89.249190 3.385507 165.008224 -0.894770
84.569280 3.385526 167.911212 -0.945420
80.285810 3.385587 170.647309 -0.991026
75.979370 3.385328 173.163683 -1.032943
72.187330 3.385537 175.293972 -1.065114
69.396060 3.385411 177.017720 -1.089969
66.306180 3.385622 178.701534 -1.112709
63.269540 3.385474 180.380868 -1.134537
60.317240 3.385494 182.113441 -1.157750
57.806950 3.385617 183.436086 -1.173440
55.548890 3.385547 184.884042 -1.191065
53.405100 3.385644 186.171897 -1.205547
51.238590 3.385515 187.563785 -1.222358
48.718600 3.385506 188.955092 -1.238665
45.000570 3.385490 191.092585 -1.270105
41.536390 3.385585 193.213727 -1.301286
37.902390 3.385652 195.635369 -1.338881
34.017700 3.385418 198.057149 -1.377438
29.863370 3.385711 200.510456 -1.416116
25.404290 3.385646 202.938697 -1.455080
21.529300 3.385518 205.265428 -1.492971
17.267430 3.385596 207.688978 -1.532075
13.649130 3.385623 210.077961 -1.571500
10.230430 3.385694 212.342389 -1.608758
6.501542 3.385642 214.572707 -1.645536
3.195971 3.384741 216.715892 -1.679858
-0.046153 3.383541 218.304085 -1.706717
-2.989614 3.383399 218.313061 -1.720448
-4.836120 3.383750 216.504891 -1.734331
-5.250260 3.385390 213.444057 -1.724378
-5.157081 3.385484 209.915117 -1.722457
-4.795730 3.385331 206.289206 -1.722384
-4.394200 3.385467 202.627225 -1.722449
-3.936531 3.385425 198.974965 -1.720320
-3.526469 3.385635 195.145736 -1.715438
-3.127567 3.385603 191.357924 -1.716075
-2.870370 3.385656 188.040251 -1.695888
-2.711051 3.385603 184.720170 -1.669202
-2.641474 3.385586 181.309498 -1.639760
-2.660847 3.385635 178.164223 -1.612730
-2.724022 3.385496 174.992223 -1.596072
-2.834241 3.385658 171.826342 -1.582124
-2.962174 3.385534 168.617317 -1.568085
-3.091290 3.385488 165.423732 -1.555291
-3.216063 3.385667 162.279791 -1.542865
-3.342078 3.385645 159.049474 -1.528992
-3.463061 3.385559 155.917026 -1.517027
-3.582431 3.385484 152.853571 -1.505434
-3.673257 3.385673 149.836727 -1.494603
-3.752481 3.385627 147.346095 -1.483143
-3.805103 3.385715 144.727649 -1.471586
-3.840339 3.385748 142.622958 -1.461100
-3.851259 3.385543 141.377657 -1.454732
-3.851710 3.385642 141.373115 -1.454280
-3.851706 3.385559 141.370915 -1.453832
-3.851702 3.385566 141.365989 -1.453521
-3.851703 3.385499 141.357615 -1.453375
-3.851701 3.385538 141.352608 -1.453216
-3.851702 3.385514 141.333467 -1.452514
-3.851702 3.385544 141.325745 -1.453230
-3.851700 3.385601 141.325277 -1.452895
-3.851700 3.385637 141.322338 -1.453341
-3.851700 3.385633 141.322335 -1.452797
-3.851700 3.385629 141.320032 -1.452270
-3.851700 3.385638 141.316836 -1.451814
-3.851700 3.385634 141.314636 -1.451609
-3.851700 3.385627 141.312639 -1.451042
-3.851700 3.385626 141.308918 -1.450546
-3.851700 3.385634 141.307331 -1.449960
-3.851700 3.385655 141.303173 -1.449265
-3.851701 3.385592 141.300843 -1.448836
-3.851701 3.385547 141.296830 -1.448163
-3.851701 3.385537 141.293766 -1.448445
-3.851701 3.385475 141.289557 -1.447946
-3.851701 3.385584 141.279078 -1.447359
-3.851701 3.385634 141.271591 -1.447042
-3.851701 3.385633 141.263678 -1.447664
-3.851701 3.385633 141.260699 -1.447027
-3.851701 3.385635 141.257792 -1.446539
-3.851701 3.385596 141.256227 -1.446108
-3.851701 3.385546 141.254523 -1.445614
-3.851701 3.385527 141.251743 -1.445338
-3.851701 3.385534 141.248192 -1.445134
-3.851701 3.385535 141.219925 -1.444748
-3.851701 3.385538 141.211079 -1.444821
-3.851701 3.385494 141.208672 -1.444624
-3.851701 3.385504 141.195220 -1.445914
-3.851701 3.385506 141.183319 -1.445365
-3.851701 3.385524 141.181993 -1.445156
-3.851701 3.385524 141.171949 -1.444571
-3.851701 3.385489 141.167312 -1.444126
-3.851701 3.385470 141.162058 -1.445249
-3.851701 3.385478 141.160821 -1.445142
-3.851701 3.385478 141.155609 -1.444619
-3.851701 3.385503 141.140270 -1.445113
-3.853185 3.385430 141.132235 -1.445915
-3.858635 3.385421 141.042658 -1.445954
-3.866382 3.385427 141.043330 -1.445861
-3.871693 3.385390 141.036420 -1.445994
-3.869564 3.385469 141.033734 -1.445624
-3.849303 3.385525 138.884583 -1.440203
-3.775676 3.385422 136.510870 -1.434686
-3.447307 3.385428 134.344640 -1.424582
-2.519717 3.385735 132.043218 -1.413167
0.032871 3.385560 128.487091 -1.395343
3.810843 3.385629 125.326440 -1.364049
8.023160 3.385656 122.876954 -1.333984
12.164080 3.385717 120.643494 -1.309416
15.523700 3.385583 118.529094 -1.285196
19.188650 3.385552 116.574247 -1.261193
22.397430 3.385529 114.725601 -1.238327
25.497640 3.385603 112.681689 -1.213804
28.070070 3.385682 111.122494 -1.192766
30.732100 3.385559 109.533307 -1.169566
33.105470 3.385568 107.873814 -1.146199
35.563610 3.385747 106.259731 -1.120034
37.978680 3.385796 104.598727 -1.096284
40.775350 3.385623 103.372736 -1.083680
43.103520 3.385655 103.459624 -1.086005
44.380820 3.385580 105.067817 -1.097341
44.407880 3.385732 107.670566 -1.086481
43.722280 3.385740 110.809947 -1.088109
43.065110 3.385545 113.743474 -1.102107
42.494720 3.385679 116.181521 -1.101501
41.947600 3.385570 118.488477 -1.095299
41.551240 3.385798 120.758150 -1.087200
41.382240 3.385760 122.691794 -1.076773
41.356740 3.385514 122.808021 -1.077992
41.356620 3.385569 122.807606 -1.077385
41.356640 3.385586 122.809935 -1.076654
41.356650 3.385542 122.810463 -1.076407
41.356660 3.385534 122.812317 -1.076386
41.356660 3.385555 122.811679 -1.076213
41.356660 3.385608 122.815231 -1.077015
41.356660 3.385672 122.814627 -1.076685
41.356660 3.385664 122.814973 -1.076409
41.356660 3.385603 122.814751 -1.075900
41.356660 3.385570 122.813148 -1.075392
41.356660 3.385518 122.813315 -1.075381
41.356660 3.385497 122.907959 -1.076709
41.356660 3.385592 122.910017 -1.076925
41.356660 3.385664 122.908963 -1.076917
41.356660 3.385662 122.920410 -1.077602
41.356660 3.385668 122.929140 -1.077904
41.356660 3.385660 122.930179 -1.077263
41.356660 3.385669 122.930749 -1.076824
41.356660 3.385677 122.931428 -1.076489
41.356660 3.385685 122.930626 -1.076133
41.356660 3.385682 122.930974 -1.075556
41.356660 3.385674 122.931512 -1.075473
41.356660 3.385703 122.931571 -1.074849
41.356660 3.385676 122.932124 -1.075002
41.356660 3.385664 122.939552 -1.074741
41.356660 3.385693 122.939524 -1.074132
41.356660 3.385683 122.939032 -1.073959
41.356590 3.385682 122.940546 -1.073273
41.340460 3.385629 122.940793 -1.072773
41.281450 3.385686 122.944791 -1.073111
41.213850 3.385757 123.088025 -1.075617
41.122260 3.385681 123.727950 -1.075074
41.083440 3.385662 125.242058 -1.061285
41.174320 3.385715 126.809243 -1.034433
41.498360 3.385696 128.218282 -0.999196
42.160750 3.385669 129.614424 -0.954758
43.690050 3.385576 131.063082 -0.903965
46.506070 3.385684 131.778894 -0.887483
50.056550 3.385661 131.272737 -0.843665
54.358470 3.420864 129.794201 -0.785019
57.566470 3.428264 128.064675 -0.605765
62.261900 3.432177 125.796837 -0.415228
66.427530 3.416347 123.108493 -0.310696
70.760360 3.382879 120.178029 -0.253544
75.122580 3.385221 117.568033 -0.151007
79.375860 3.385518 115.078745 -0.047624
83.192480 3.385622 112.562963 0.055119
87.638060 3.385659 110.078280 0.155923
91.891360 3.385607 107.677399 0.253927
95.886180 3.385707 105.326898 0.351490
99.884160 3.385747 103.141466 0.446524
103.658700 3.385720 101.002274 0.540891
107.112300 3.385707 98.938663 0.633793
110.172200 3.385733 97.319664 0.710813
113.035700 3.385695 96.174418 0.766605
115.273200 3.385837 94.938358 0.827728
115.805800 3.385645 94.518621 0.849038
115.806400 3.385654 94.517787 0.849474
115.806200 3.385652 94.516318 0.850086
115.806100 3.385663 94.514770 0.850775
115.806000 3.385673 94.513607 0.851457
115.806000 3.385673 94.511200 0.852398
115.806000 3.385697 94.505124 0.853654
115.806000 3.385592 94.503723 0.854269
115.806000 3.385601 94.497072 0.855521
115.806000 3.385529 94.495280 0.856182
115.806000 3.385505 94.493998 0.856677
115.806000 3.385481 94.491834 0.857311
115.806000 3.385471 94.490760 0.857772
115.806000 3.385458 94.489055 0.858490
115.806000 3.385461 94.488504 0.858816
115.806000 3.385476 94.486118 0.859430
115.806000 3.385464 94.477834 0.860347
115.806000 3.385461 94.475890 0.861021
115.806000 3.385481 94.474783 0.861541
115.806000 3.385615 94.473819 0.861987
115.806000 3.385649 94.472757 0.862609
115.806000 3.385669 94.472030 0.863205
115.806000 3.385675 94.471246 0.863769
115.806000 3.385677 94.469913 0.864377
115.806000 3.385673 94.468582 0.865047
115.806000 3.385668 94.467215 0.865767
115.806000 3.385656 94.465863 0.866379
115.806000 3.385648 94.464446 0.866964
115.806000 3.385537 94.463421 0.867625
115.806000 3.385490 94.461693 0.868043
115.806000 3.385478 94.459130 0.868723
115.806000 3.385507 94.457623 0.869324
115.806000 3.385633 94.457071 0.869737
115.806000 3.385653 94.455629 0.870045
115.806000 3.385662 94.454175 0.870754
115.806000 3.385669 94.453093 0.871183
115.806000 3.385678 94.451718 0.871865
115.806000 3.385671 94.451001 0.872313
115.806000 3.385663 94.449382 0.873128
115.806000 3.385672 94.449017 0.873672
115.806000 3.385570 94.447299 0.874239
115.806000 3.385523 94.446222 0.874849
115.806000 3.385480 94.444897 0.875499
115.806000 3.385475 94.444246 0.875983
115.806000 3.385474 94.442649 0.876335
115.806000 3.385464 94.442016 0.876910
115.806000 3.385458 94.379770 0.878806
115.806000 3.385461 94.378266 0.879566
115.806000 3.385467 94.377510 0.880021
115.806000 3.385462 94.375803 0.880800
115.806000 3.385458 94.376366 0.881145
115.806000 3.385458 94.375293 0.881737
115.806000 3.385450 94.363528 0.882713
115.806000 3.385449 94.362328 0.883314
115.806000 3.385451 94.361102 0.884101
115.806000 3.385456 94.359623 0.884635
115.806000 3.385457 94.357421 0.885397
115.806000 3.385461 94.356471 0.885874
115.806000 3.385467 94.356455 0.886216
115.806000 3.385616 94.354977 0.886887
115.806000 3.385598 94.352024 0.887491
115.806000 3.385515 94.350154 0.888175
115.930500 3.385502 94.349217 0.888507
116.540200 3.385475 94.348011 0.888866
117.770900 3.385506 94.344809 0.889533
119.405000 3.385533 94.315673 0.891327
121.520200 3.385493 94.157920 0.898757
124.152100 3.385548 93.527020 0.923840
126.419100 3.385465 92.587037 0.962271
129.128200 3.385479 91.127695 1.021751
132.492500 3.385421 89.329696 1.091865
136.109500 3.385732 87.679987 1.156470
140.347900 3.385670 85.589192 1.235511
144.220600 3.385607 83.584656 1.311088
148.249400 3.385565 81.605853 1.385299
151.827400 3.385531 79.531177 1.462682
156.118000 3.385501 77.312816 1.544139
160.407300 3.385743 75.167444 1.624801
163.961200 3.385739 73.291598 1.694089
167.236600 3.385609 71.351601 1.764425
170.510700 3.385713 69.389076 1.834471
172.257500 3.385687 68.634497 1.865149
172.558500 3.385663 67.622322 1.902001
172.558700 3.385645 67.616001 1.903142
172.558500 3.385654 67.612708 1.904061
172.558400 3.385641 67.600503 1.905318
172.558400 3.385669 67.596893 1.905704
172.558400 3.385695 67.592445 1.906664
172.558400 3.385669 67.590929 1.907455
172.558400 3.385694 67.590453 1.907990
172.558400 3.385683 67.585753 1.908941
172.558400 3.385665 67.578153 1.910024
172.558400 3.385612 67.571155 1.910924
172.558400 3.385672 67.526274 1.912770
172.558400 3.385668 67.519235 1.914011
172.558400 3.385647 67.517285 1.914799
172.558400 3.385590 67.508784 1.915945
172.558400 3.385566 67.498652 1.917440
