2.302057 2.917625 0.000000 0.000000
2.301764 2.917173 0.772336 0.002576
2.299778 2.917452 1.559646 0.005950
2.296288 2.917313 2.329172 0.009267
2.291233 2.917395 3.263758 0.015195
2.285231 2.917437 4.284669 0.021247
2.277603 2.917499 5.646993 0.028498
2.268065 2.917427 6.982495 0.035663
2.257246 2.917484 8.656741 0.044377
2.245156 2.917527 10.591156 0.055098
2.230927 2.917488 12.718748 0.067228
2.215651 2.917492 15.172066 0.081079
2.199500 2.917808 17.684365 0.094005
2.175154 2.919752 20.598126 0.110030
2.157193 2.918895 23.491433 0.125538
2.145102 2.917796 26.366030 0.139048
2.128530 2.917389 29.007478 0.152394
2.113708 2.917408 31.549156 0.164368
2.107695 2.917171 32.992146 0.172050
2.108263 2.916399 33.463092 0.173987
2.107983 2.918294 34.221000 0.177207
2.108028 2.917942 34.520442 0.176169
2.108052 2.917761 34.614006 0.175462
2.108064 2.917653 34.723709 0.175124
2.108069 2.917598 34.889717 0.174141
2.108073 2.917574 34.955504 0.174111
2.108074 2.917551 35.099707 0.173327
2.108075 2.917563 35.170976 0.173523
2.108075 2.917546 35.309911 0.173012
2.108075 2.917536 35.469242 0.172274
2.108075 2.917512 35.590943 0.171582
2.108075 2.917514 35.661792 0.171857
2.108075 2.917536 35.840222 0.171022
2.108076 2.917559 36.092843 0.169515
2.108076 2.917464 36.177051 0.169661
2.108074 2.917448 36.197751 0.170361
2.108074 2.917444 36.219282 0.171180
2.108074 2.917489 36.219595 0.171770
2.108074 2.917448 36.440295 0.171736
2.108074 2.917426 36.480736 0.172388
2.108074 2.917411 36.528654 0.173098
2.108074 2.917407 36.534111 0.173847
2.108074 2.917427 37.280911 0.177817
2.108074 2.917429 37.419698 0.177224
2.108075 2.917505 37.428244 0.178025
2.108075 2.917503 37.443846 0.178776
2.108075 2.917554 37.538512 0.178462
2.108075 2.917581 38.312697 0.181586
2.108075 2.917565 38.531929 0.180434
2.108075 2.917559 38.737364 0.179623
2.108075 2.917575 38.748592 0.179797
2.108075 2.917577 38.897015 0.178908
2.108075 2.917575 39.039762 0.177922
2.108075 2.917571 39.316207 0.177555
2.108075 2.917598 39.647470 0.179587
2.108075 2.917604 39.961960 0.180596
2.108075 2.917570 40.359629 0.179868
2.108075 2.917551 40.683018 0.177669
2.108075 2.917548 41.173312 0.176880
2.108075 2.917576 41.873034 0.179313
2.108075 2.917587 41.999436 0.178696
2.108075 2.917582 42.684219 0.180415
2.108075 2.917574 42.759851 0.180172
2.108075 2.917560 42.890615 0.179521
2.108075 2.917578 43.174116 0.180770
2.108075 2.917585 43.740071 0.183277
2.108075 2.917566 44.048277 0.184781
2.108075 2.917544 44.250409 0.184727
2.108075 2.917546 44.396526 0.184208
2.107652 2.917149 44.494796 0.184009
2.105464 2.917375 45.712749 0.192170
2.101601 2.917422 46.895815 0.200602
2.096749 2.917432 48.231401 0.210152
2.090459 2.917425 49.576720 0.219771
2.082314 2.917466 51.060649 0.230967
2.071731 2.917304 52.938270 0.244982
2.060875 2.917327 54.966564 0.259462
2.047160 2.917630 57.201778 0.272636
2.032023 2.917592 59.695806 0.286941
2.017035 2.917579 62.186655 0.301906
1.998716 2.917704 64.753194 0.316992
1.982537 2.917605 67.329854 0.331873
1.957508 2.917551 70.321083 0.347265
1.931727 2.917264 73.918020 0.362458
1.907210 2.917665 77.723567 0.377275
1.883744 2.917569 81.653789 0.392139
1.858436 2.917417 85.547235 0.405645
1.833384 2.917403 89.464305 0.419515
1.810467 2.917431 93.232143 0.432528
1.787691 2.917611 97.127004 0.445091
1.760929 2.917572 101.311878 0.457759
1.736663 2.917616 105.198358 0.469174
1.714193 2.917629 109.141866 0.480360
1.688251 2.917647 113.027611 0.492467
1.666127 2.917606 116.783061 0.504679
1.645088 2.917537 120.691227 0.516493
1.617917 2.917547 124.565529 0.527117
1.595138 2.917550 128.336306 0.537260
1.571320 2.917480 132.036202 0.547818
1.549126 2.917462 135.688309 0.557726
1.526913 2.917565 139.334209 0.567741
1.503193 2.917478 143.216300 0.577177
1.477388 2.917544 147.088840 0.586482
1.454568 2.917553 150.827319 0.596447
1.472118 2.917523 154.767240 0.602317
1.642523 2.917416 158.585979 0.608600
2.196645 2.917219 162.294214 0.621942
3.093842 2.916712 166.058790 0.644394
4.572931 2.916837 169.754935 0.682575
6.430318 2.917318 173.216606 0.732335
9.129628 2.917109 176.330294 0.773946
11.665070 2.917292 179.003266 0.811395
14.826520 2.917450 181.557713 0.846790
17.659110 2.917553 184.048767 0.885757
20.565440 2.917390 186.567577 0.924127
23.653180 2.915147 188.811901 0.970638
27.248590 2.916529 190.004323 1.027710
30.869300 2.917402 190.508564 1.079878
34.579340 2.917620 190.665073 1.105151
38.342920 2.917343 190.745288 1.127636
42.346100 2.917351 190.791752 1.150511
46.601620 2.917415 190.810413 1.173036
50.883710 2.917481 190.818099 1.198573
55.003240 2.917441 190.843488 1.223838
58.948840 2.917464 190.877613 1.248767
62.802660 2.917477 190.928201 1.273834
66.942060 2.917464 191.012406 1.301913
71.175740 2.917413 191.122964 1.329016
75.125500 2.917366 191.238582 1.353378
79.047520 2.917403 191.371067 1.378302
83.038630 2.917405 191.515037 1.402611
87.277890 2.917371 191.663376 1.426140
91.413210 2.917411 191.838569 1.450629
95.326800 2.917324 191.996993 1.472043
99.726850 2.917432 192.171724 1.493134
103.612600 2.917396 192.355799 1.513867
107.199400 2.917330 192.504647 1.533033
110.972100 2.917351 192.683083 1.551641
115.081600 2.917307 192.856437 1.569444
118.893800 2.917349 193.010941 1.584954
122.990400 2.917435 193.148751 1.599995
127.496000 2.917371 193.287427 1.609944
131.208200 2.917333 193.401344 1.624677
135.188600 2.917463 193.514809 1.638733
139.315400 2.917326 193.618177 1.652670
143.384200 2.917338 193.716898 1.666473
147.561100 2.917420 193.819333 1.679922
150.989500 2.917305 193.907863 1.692618
155.314300 2.917375 194.001345 1.705665
159.322400 2.917295 194.102200 1.718348
163.394400 2.917369 194.200381 1.730651
167.146000 2.917404 194.295267 1.742383
171.011600 2.917258 194.381932 1.752279
174.806500 2.917338 194.467521 1.763056
178.980100 2.917311 194.555258 1.772849
183.038800 2.917389 194.638938 1.783208
186.867200 2.917300 194.721281 1.792309
190.881700 2.917282 194.798767 1.801106
194.167700 2.917427 194.866374 1.811920
197.268700 2.917436 194.927089 1.822183
200.065600 2.917407 194.987860 1.832076
202.705000 2.917437 195.043816 1.841689
205.135500 2.917454 195.103017 1.852149
207.218900 2.917491 195.165262 1.862592
209.314800 2.917484 195.231178 1.872447
210.986900 2.917410 195.302560 1.882667
213.060100 2.917463 195.370223 1.892137
215.328100 2.917325 195.445565 1.901399
217.953000 2.917289 195.533118 1.911121
220.840900 2.917226 195.623161 1.920685
223.997700 2.917216 195.717352 1.929507
227.412100 2.917337 195.821524 1.937191
231.510100 2.912428 195.612603 1.954274
234.859100 2.911946 193.547876 1.965525
236.600900 2.911209 190.319370 1.951555
236.886700 2.915941 186.451815 1.944311
236.571700 2.917250 182.194910 1.904206
236.094200 2.917367 178.512080 1.857070
235.650000 2.917369 174.848063 1.807798
235.219800 2.917421 171.790477 1.772292
234.803500 2.917381 168.930956 1.740804
234.430500 2.917431 166.232299 1.712253
234.106700 2.917492 163.690253 1.685412
233.813000 2.909794 160.530067 1.648467
233.577300 2.893712 157.889102 1.620754
233.355800 2.864383 155.211689 1.594420
233.184500 2.866323 152.571708 1.572070
233.014300 2.867453 149.555428 1.548377
232.898200 2.867510 146.070747 1.524791
232.863100 2.867667 142.428154 1.499097
232.859100 2.867266 138.631640 1.464533
232.903600 2.867322 134.717413 1.425059
232.958200 2.867403 130.845668 1.385276
233.017400 2.867351 126.941697 1.344255
233.072400 2.874365 123.215654 1.304990
233.127000 3.011823 119.214521 1.261754
233.168400 3.061814 115.292266 1.219526
233.197300 3.111930 111.249109 1.174031
233.194300 3.167853 106.033271 0.998749
233.108400 3.262717 100.118025 0.927694
232.916200 3.387419 93.097231 0.974497
232.664500 3.522111 85.929598 1.123610
232.374200 3.665026 78.720162 1.261521
232.034700 3.827148 70.600104 1.654523
231.682800 3.995339 61.866031 2.132357
231.280000 4.200046 52.820732 2.668959
230.409300 4.390364 43.722357 3.216947
227.974800 4.562161 35.133259 3.699094
223.182000 4.756409 27.313641 4.209698
217.012500 4.943440 20.578576 4.697791
210.849500 5.099414 15.893986 4.959046
203.127700 5.279659 11.898852 5.295937
196.228400 5.439755 8.119834 5.601669
189.103000 5.605274 4.382917 5.926258
182.294500 5.722298 1.271368 5.927907
175.402600 5.757627 -1.268380 5.962842
168.115500 5.711112 -3.137337 5.719843
161.526700 5.597718 -4.506100 5.477821
154.170200 5.425739 -5.460485 4.983401
147.233100 5.271811 -6.102330 4.490158
141.147200 5.136433 -6.600756 4.012080
134.345900 4.985093 -7.098180 3.543649
127.718600 4.837580 -7.645255 3.109443
120.853700 4.684855 -8.289371 2.709471
114.245500 4.537738 -9.039305 2.339793
107.578600 4.389504 -9.887558 1.956839
100.926600 4.241409 -10.822536 1.579362
94.268120 4.093323 -11.822409 1.195703
87.711140 3.947421 -12.843869 0.826748
80.886930 3.795563 -13.859902 0.507327
74.625950 3.656137 -14.819297 0.151253
68.422390 3.518056 -15.736591 -0.163297
62.874980 3.394433 -16.578578 -0.426826
57.547490 3.276134 -17.331484 -0.616469
53.223980 3.184514 -17.918517 -0.700551
48.303790 3.096168 -18.476947 -0.785955
44.339800 3.037875 -19.015984 -0.870745
40.286640 2.989789 -19.545992 -0.953938
36.142490 2.953602 -20.059904 -1.036692
32.552010 2.933145 -20.544583 -1.118915
28.773050 2.921139 -21.025623 -1.202438
24.635860 2.917549 -21.501605 -1.287031
21.113960 2.917597 -21.990156 -1.374811
17.089430 2.917476 -22.468598 -1.462025
13.353380 2.917478 -22.936186 -1.548563
9.474928 2.917460 -23.382338 -1.635993
5.687179 2.914216 -23.531362 -1.757234
2.205107 2.912020 -21.932214 -2.053777
0.473489 2.948339 -18.858966 -2.474406
0.294830 2.990337 -14.861376 -2.938305
0.781166 2.977235 -11.091914 -3.374193
1.098578 2.937542 -7.413501 -3.808865
1.676296 2.913733 -3.611133 -4.255121
2.383448 2.915591 0.252010 -4.647536
2.873768 2.917457 3.921461 -5.027627
3.110228 2.917387 7.359749 -5.405420
3.231929 2.917197 10.210087 -5.731995
3.232879 2.917692 13.089403 -6.066533
3.204754 2.917253 15.937110 -6.398907
3.121870 2.917600 18.742764 -6.728603
3.051256 2.917817 21.102024 -7.004569
3.002381 2.917572 22.494186 -7.168099
3.007473 2.916686 23.514036 -7.287449
3.006434 2.918337 24.907444 -7.449601
3.006704 2.917980 26.045025 -7.582599
3.006839 2.917806 26.490926 -7.637191
3.006916 2.917690 26.548633 -7.644613
3.006959 2.917645 26.591813 -7.650158
3.006980 2.917611 26.664954 -7.659631
3.006991 2.917610 26.919167 -7.690673
3.006996 2.917593 27.582511 -7.767527
3.006999 2.917575 27.960753 -7.813777
3.007000 2.917594 28.174602 -7.839998
3.007002 2.917601 28.232055 -7.847159
3.007002 2.917579 28.320719 -7.858691
3.007002 2.917582 28.747122 -7.909540
3.007002 2.917586 29.034427 -7.946258
3.007002 2.917575 29.216881 -7.970003
3.007002 2.917589 29.368313 -7.989820
3.007002 2.917581 29.441598 -7.999746
3.007002 2.917584 29.801532 -8.041677
3.007002 2.917601 29.935193 -8.058684
3.007003 2.917577 30.419811 -8.116740
3.007003 2.917563 30.694297 -8.152307
3.007003 2.917562 30.896537 -8.178737
3.007003 2.917570 31.149201 -8.211282
3.007002 2.917593 31.407309 -8.242875
3.007003 2.917551 31.920754 -8.307220
3.007003 2.917556 32.273595 -8.349350
3.007002 2.917594 32.621699 -8.392855
3.007002 2.917614 32.953458 -8.431574
3.007002 2.917592 33.480362 -8.494964
3.007003 2.917581 33.809080 -8.536094
3.007003 2.917568 34.531606 -8.623681
3.007003 2.917562 34.796343 -8.657628
3.007002 2.917581 35.030170 -8.687704
3.007003 2.917577 35.172154 -8.706187
3.007002 2.917584 36.016429 -8.806238
3.007003 2.917581 36.286454 -8.840627
3.007003 2.917581 36.750569 -8.895835
3.007003 2.917571 37.143497 -8.945467
3.007003 2.917580 37.958848 -9.041068
3.007002 2.917611 38.445627 -9.099297
3.007002 2.917619 38.694223 -9.131176
3.007002 2.917612 38.740835 -9.137100
3.007002 2.917607 38.876407 -9.154656
3.007002 2.917591 39.010177 -9.171938
3.007002 2.917623 39.858342 -9.272381
3.007002 2.917598 39.977397 -9.287702
3.007002 2.917598 40.582685 -9.359811
3.007002 2.917595 41.002105 -9.410734
3.007003 2.917573 41.774814 -9.500797
3.007003 2.917561 42.156050 -9.547729
3.007003 2.917567 42.671738 -9.610950
3.007003 2.917571 42.969403 -9.646399
3.007003 2.917547 43.184079 -9.674041
3.007003 2.917558 43.449862 -9.707591
3.007003 2.917574 43.963087 -9.768432
3.007002 2.917588 44.231357 -9.802296
3.004642 2.917164 44.659553 -9.853481
2.993673 2.917414 45.940524 -10.001745
2.966572 2.917329 47.364812 -10.166341
2.930183 2.917391 48.548834 -10.302692
2.885143 2.917453 50.255267 -10.499195
2.824375 2.917477 52.029299 -10.703279
2.750371 2.917498 53.966506 -10.926966
2.671194 2.917580 56.000384 -11.162559
2.575778 2.917548 58.102437 -11.406942
2.452835 2.917614 60.415190 -11.677355
2.339769 2.917625 62.818228 -11.959131
2.210065 2.917627 65.470672 -12.271424
2.059310 2.917599 68.423624 -12.620463
1.899647 2.917607 71.927729 -13.038121
1.716908 2.917839 75.593623 -13.475371
1.560900 2.917501 79.312298 -13.919220
1.456699 2.917466 83.057562 -14.367211
1.373960 2.917639 86.777723 -14.812351
1.328187 2.917565 90.378326 -15.242863
1.303965 2.917563 94.104640 -15.689741
1.311148 2.917609 97.876511 -16.142139
1.340197 2.917611 101.700259 -16.600687
1.376529 2.917595 105.496865 -17.056118
1.426251 2.917585 109.342971 -17.517017
1.465959 2.917625 113.046992 -17.960753
1.517007 2.917590 116.680565 -18.395956
1.566096 2.917602 120.369813 -18.838503
1.617406 2.917670 124.093862 -19.286203
1.663799 2.917549 127.828432 -19.735719
1.707433 2.917613 131.476607 -20.174874
1.741236 2.917562 134.858457 -20.581058
1.768923 2.917629 138.331062 -20.997793
1.783681 2.917561 141.999449 -21.439623
1.786643 2.917556 145.753653 -21.891749
1.774615 2.917606 149.357080 -22.324908
1.761127 2.917556 152.816951 -22.741527
1.790562 2.917549 156.710518 -23.214943
1.953962 2.917444 160.537610 -23.673168
2.481723 2.917144 164.344927 -24.113312
3.364155 2.916821 168.240258 -24.537702
5.039488 2.916853 172.140029 -24.928142
7.058855 2.916837 175.769939 -25.270503
9.514471 2.917578 179.087099 -25.569282
12.134460 2.917248 182.311354 -25.852620
15.044010 2.917520 185.435503 -26.119972
17.985520 2.916186 188.527330 -26.383134
19.895530 2.915983 192.196506 -26.755814
20.525930 2.916857 195.876715 -27.150116
20.264270 2.916778 199.436167 -27.507203
19.219760 2.916982 203.101287 -27.905922
17.639950 2.916698 206.746242 -28.329220
15.122280 2.917584 210.175313 -28.718311
12.682940 2.917763 212.868706 -28.971474
10.035670 2.917772 215.793599 -29.277039
7.468976 2.917168 218.913917 -29.640412
5.479877 2.916706 222.240960 -29.984115
4.277912 2.943918 226.064540 -30.336468
3.496465 2.913127 230.115018 -30.693221
3.079295 2.924748 233.810213 -31.033294
2.904250 2.917130 237.609415 -31.375603
2.965614 2.917102 241.352431 -31.706180
3.149324 2.917580 245.012448 -32.026469
3.411002 2.917571 248.757901 -32.352382
3.693276 2.917480 252.505265 -32.676325
3.993862 2.917516 256.315912 -33.002976
4.295221 2.917554 260.325121 -33.346589
4.607339 2.917585 264.140933 -33.671546
4.920948 2.917494 267.928968 -33.991870
5.200904 2.917473 271.747255 -34.316057
5.411860 2.917512 275.430731 -34.625597
5.579601 2.917514 279.222220 -34.946527
5.710408 2.917503 283.036521 -35.271065
5.810322 2.917453 286.885647 -35.600758
5.881595 2.917464 290.696058 -35.929573
5.926252 2.917500 294.425189 -36.251765
5.956803 2.917759 298.193513 -36.578174
5.980019 2.918273 301.827637 -36.893071
5.994548 2.917442 305.079137 -37.173387
6.009374 2.917386 308.470871 -37.466412
6.022609 2.917440 311.159560 -37.696824
6.035012 2.917410 313.726705 -37.917253
6.046149 2.917428 316.057337 -38.115968
6.057010 2.917434 318.410158 -38.318033
6.065548 2.917361 320.610361 -38.506476
6.053114 2.917055 322.863027 -38.698654
5.885682 2.917016 325.134666 -38.870632
5.157564 2.916451 327.811739 -39.083564
3.473216 2.915787 330.490862 -39.316859
0.837872 2.915067 332.718384 -39.530804
-2.586520 2.916350 334.617973 -39.737764
-6.606318 2.917004 336.040294 -39.920162
-10.850420 2.916432 336.936365 -40.084314
-14.988110 2.917329 337.524303 -40.163560
-18.711220 2.917268 338.024373 -40.252307
-22.620470 2.917393 338.492860 -40.348763
-26.760310 2.917315 338.948180 -40.452364
-30.490270 2.917396 339.365699 -40.549570
-34.485540 2.917372 339.799496 -40.651232
-38.240960 2.917378 340.209243 -40.746464
-41.918600 2.917363 340.631136 -40.843709
-44.915350 2.917364 340.966676 -40.917053
-47.853440 2.917377 341.297193 -40.987242
-50.606640 2.917403 341.629467 -41.056298
-53.253260 2.917417 341.969845 -41.125755
-55.514950 2.917450 342.266880 -41.184792
-57.456450 2.917405 342.549550 -41.239899
-59.131850 2.916580 342.830259 -41.293399
-59.071190 2.915692 342.924571 -41.310858
-59.096670 2.916564 342.926852 -41.310506
