-106.760300 3.346921 0.000000 0.000000
-106.813700 3.357981 3.520825 0.004361
-106.871800 3.386887 7.045672 0.009455
-106.934700 3.383398 10.511638 0.013875
-106.985300 3.344742 13.723627 0.019786
-107.013400 3.328935 17.141985 0.024629
-107.020400 3.338983 20.604369 0.029653
-107.015800 3.358841 24.119183 0.033269
-106.987700 3.380340 27.494187 0.039288
-106.940700 3.391436 30.842211 0.045066
-106.846700 3.359950 34.388727 0.049020
-106.649500 3.336582 37.747580 0.052821
-106.299100 3.337629 40.818643 0.059353
-105.617600 3.356219 44.050434 0.067448
-104.676700 3.361356 47.025471 0.078619
-103.594200 3.362366 49.900968 0.092656
-101.930100 3.367632 53.052543 0.109177
-100.130000 3.399753 56.024314 0.129402
-98.289640 3.441091 59.110213 0.151109
-95.771900 3.476372 62.067329 0.174767
-93.079720 3.482567 64.755276 0.200046
-90.376260 3.474907 67.183528 0.225389
-87.633770 3.464694 69.133389 0.249934
-85.473550 3.455485 70.606687 0.273507
-82.448960 3.456190 71.809132 0.296779
-79.818850 3.454663 72.732737 0.317585
-77.970190 3.442467 73.508732 0.337333
-76.073680 3.435290 74.180240 0.353920
-73.582570 3.427202 74.726035 0.367392
-71.619830 3.423370 74.864994 0.371616
-71.717850 3.419098 74.867225 0.372369
-71.643810 3.422065 74.910986 0.373281
-71.643810 3.422065 75.008997 0.375133
-71.643810 3.422065 75.065600 0.377336
-71.643810 3.422065 75.160637 0.380548
-71.643810 3.422065 75.349770 0.386032
-71.643810 3.422065 75.441007 0.389719
-71.643810 3.422065 75.444374 0.390888
-71.643810 3.422065 75.607020 0.397416
-71.643810 3.422065 75.764280 0.404077
-71.643810 3.422065 75.772342 0.404952
-71.643810 3.422065 75.801935 0.405439
-71.643810 3.422065 75.941764 0.411957
-71.643810 3.422065 75.959575 0.412930
-71.643810 3.422065 76.082882 0.418830
-71.643810 3.422065 76.274331 0.427295
-71.643810 3.422065 76.454428 0.436989
-71.643810 3.422065 76.457451 0.438253
-71.643810 3.422065 76.464312 0.439148
-71.643810 3.422065 76.477574 0.440375
-71.643810 3.422065 76.493713 0.441201
-71.643810 3.422065 76.517143 0.442311
-71.643810 3.422065 76.556024 0.445777
-71.643810 3.422065 76.562770 0.446934
-71.643810 3.422065 76.629025 0.451757
-71.643810 3.422065 76.629365 0.452460
-71.643810 3.422065 76.630176 0.453262
-71.643810 3.422065 76.630760 0.454038
-71.663220 3.421504 76.632542 0.455088
-71.663220 3.421529 76.647206 0.456193
-71.663220 3.421531 76.647559 0.456928
-71.663220 3.421531 76.650459 0.457526
-71.663220 3.421435 76.651211 0.458251
-71.663220 3.421350 76.658443 0.459453
-71.663210 3.421315 76.685621 0.461687
-71.663210 3.421308 76.685907 0.462504
-71.663210 3.421294 76.687180 0.463473
-71.663210 3.421301 76.688043 0.464240
-71.663210 3.421306 76.689573 0.465291
-71.663210 3.421319 76.689940 0.466010
-71.663210 3.421309 76.690635 0.466803
-71.663210 3.421367 76.690954 0.467533
-71.663210 3.421345 76.692051 0.468306
-71.663210 3.421335 76.693875 0.469452
-71.663210 3.421319 76.694371 0.470199
-71.663210 3.421340 76.695321 0.471080
-71.663210 3.421345 76.696760 0.472019
-71.663210 3.421337 76.699966 0.472548
-71.663210 3.421316 76.701718 0.473353
-71.663210 3.421306 76.702887 0.474321
-71.663210 3.421315 76.704832 0.475608
-71.582530 3.420132 76.721634 0.476397
-71.094210 3.418977 76.721895 0.477166
-70.222900 3.414942 76.835860 0.486705
-68.767460 3.407857 77.072661 0.507289
-66.764430 3.396724 77.164404 0.516749
-64.454380 3.379617 77.383922 0.536655
-61.724190 3.360539 77.498621 0.548310
-58.249840 3.341092 77.941498 0.588305
-54.414690 3.331931 78.378420 0.628225
-50.960800 3.336166 78.831642 0.669224
-47.320980 3.340111 79.162612 0.700489
-43.428310 3.337866 79.569687 0.738522
-39.967670 3.327719 79.999901 0.778465
-36.112690 3.310818 80.452490 0.818878
-32.130140 3.320888 80.937021 0.860840
-28.662300 3.337313 81.443126 0.908216
-24.965050 3.338763 81.973812 0.951494
-20.798740 3.320719 82.548480 0.996022
-17.141770 3.325229 83.098780 1.038449
-13.312440 3.356832 83.663724 1.081132
-10.073090 3.360783 84.214073 1.122658
-6.062641 3.344434 84.779546 1.163294
-2.421661 3.349875 85.341409 1.203596
1.627752 3.351223 85.897117 1.243669
5.637424 3.355595 86.451772 1.283569
9.472211 3.352735 86.992101 1.321388
13.143440 3.335565 87.505755 1.358691
16.451670 3.330569 88.002533 1.395374
20.262030 3.363930 88.481300 1.432169
24.056290 3.406887 88.956003 1.469474
28.177070 3.419279 89.429473 1.506579
31.840380 3.407305 89.888954 1.542661
36.120040 3.379520 90.354512 1.579894
39.727150 3.354202 90.815974 1.617098
43.297180 3.341084 91.274093 1.653573
47.443400 3.341117 91.753430 1.691771
51.298840 3.360867 92.210886 1.728104
55.450470 3.387058 92.674451 1.764857
58.926480 3.402177 93.127783 1.800551
62.496310 3.395796 93.568299 1.835020
66.158410 3.376183 93.996912 1.868603
70.267020 3.357921 94.392637 1.899209
73.825850 3.374977 94.645589 1.926200
77.848330 3.401240 94.597759 1.950563
81.112040 3.401723 94.114434 1.968232
84.897660 3.407978 93.164611 1.978575
87.924470 3.427799 91.783220 1.978784
90.939210 3.423497 89.994437 1.969430
93.864780 3.413443 87.874246 1.951776
96.429450 3.406999 85.370709 1.925185
98.583320 3.390985 82.576618 1.891024
100.599700 3.375162 79.495261 1.848534
102.063500 3.353989 76.147979 1.797646
103.155100 3.330692 72.726546 1.742498
103.830500 3.322573 69.230662 1.684240
104.097000 3.296033 66.183128 1.632981
104.063000 3.262044 62.935217 1.574237
103.990700 3.251661 60.183991 1.522896
103.913800 3.259078 57.649698 1.476163
103.796800 3.276353 55.303142 1.433646
103.686100 3.304966 53.131751 1.396458
103.648100 3.316326 52.240314 1.379362
103.650400 3.314634 51.705129 1.369969
103.649900 3.314988 51.184578 1.361279
103.649200 3.314053 51.088841 1.359760
103.623400 3.320751 50.275747 1.346867
103.576800 3.333745 48.757963 1.323938
103.504300 3.354209 47.004398 1.298519
103.419600 3.366994 44.968157 1.267771
103.304000 3.381985 43.124857 1.240575
103.200400 3.384246 40.762613 1.204589
103.076200 3.394876 37.950357 1.160869
102.929100 3.415149 35.277080 1.120436
102.755200 3.438336 31.956905 1.065566
102.567700 3.446004 28.263325 1.003347
102.390400 3.442772 24.727725 0.944526
102.260700 3.438778 20.943819 0.879838
102.186600 3.456493 17.306657 0.823104
102.151700 3.475276 13.753874 0.763708
102.143300 3.495552 10.035734 0.700933
102.143500 3.515062 6.305309 0.639947
102.157100 3.523284 2.538707 0.577298
102.189400 3.511923 -1.057129 0.518351
102.221000 3.485945 -4.689051 0.456430
102.243100 3.477245 -8.396981 0.393356
102.269200 3.482151 -12.118191 0.329637
102.311700 3.469023 -15.901829 0.264753
102.365500 3.445597 -19.606768 0.200951
102.423100 3.436628 -23.359501 0.138552
102.460300 3.419255 -26.973052 0.075619
102.479200 3.398993 -30.105202 0.022845
102.501600 3.403826 -33.561009 -0.037553
102.523800 3.414704 -37.258751 -0.102878
102.547200 3.417805 -40.839002 -0.166277
102.566800 3.409542 -44.393120 -0.230138
102.574100 3.390590 -48.067350 -0.295555
102.528500 3.366343 -51.578635 -0.358767
102.349100 3.346539 -55.117529 -0.428528
101.852400 3.351923 -59.093038 -0.510204
101.006400 3.364283 -62.951863 -0.591111
99.697960 3.380910 -67.023530 -0.682818
98.032380 3.383770 -71.043927 -0.779392
96.112080 3.375391 -74.824579 -0.873069
94.131690 3.393264 -78.223295 -0.958951
91.577250 3.398795 -81.801824 -1.057636
88.690160 3.378507 -85.214750 -1.157370
85.658420 3.391765 -88.466388 -1.259477
82.670210 3.426830 -91.242255 -1.350832
78.997270 3.466038 -93.812437 -1.443396
75.436710 3.461857 -96.072472 -1.533680
71.361190 3.440331 -97.994256 -1.619524
67.578580 3.449353 -99.495835 -1.697779
64.013210 3.444590 -100.656770 -1.769209
60.234350 3.394575 -101.696497 -1.847961
56.285710 3.356615 -102.583604 -1.926733
52.130340 3.357271 -103.512692 -2.014905
47.984120 3.355582 -104.344982 -2.092613
43.814810 3.356039 -105.188352 -2.173480
39.552540 3.382100 -106.031904 -2.254256
35.708460 3.416569 -106.832773 -2.331338
31.826900 3.436359 -107.624661 -2.407714
27.980250 3.427815 -108.399524 -2.481070
23.819450 3.411317 -109.263412 -2.563622
19.616120 3.385671 -110.146606 -2.645694
15.519970 3.380240 -111.047132 -2.729005
11.612490 3.403049 -111.897667 -2.809443
7.475654 3.419997 -112.815910 -2.900001
3.084047 3.404531 -113.663757 -2.984322
-0.783731 3.373492 -114.502399 -3.065316
-4.507786 3.352046 -115.328176 -3.147030
-8.431802 3.335959 -116.083594 -3.219968
-11.924810 3.328164 -116.827700 -3.292402
-15.184160 3.330689 -117.471950 -3.353958
-18.022650 3.342359 -118.049019 -3.407077
-20.747670 3.356755 -118.624357 -3.459407
-22.774300 3.368854 -119.047810 -3.498856
-22.989620 3.365523 -119.055397 -3.499829
-22.985490 3.365714 -119.056988 -3.499272
-22.995460 3.366144 -119.101679 -3.503849
-23.000810 3.366380 -119.182456 -3.511401
-23.003840 3.366489 -119.183308 -3.510876
-23.005650 3.366594 -119.185393 -3.510211
-23.006590 3.366614 -119.187275 -3.509530
-23.007150 3.366662 -119.187437 -3.509038
-23.060460 3.365520 -119.255585 -3.516552
-23.645360 3.367463 -119.359784 -3.526879
-24.729450 3.370900 -119.360303 -3.526340
-26.324390 3.371657 -119.475679 -3.544651
-28.271210 3.379363 -119.609046 -3.577288
-30.453050 3.395517 -119.781797 -3.609756
-33.049240 3.424438 -119.997516 -3.652082
-35.721070 3.440616 -120.204146 -3.697508
-38.390810 3.442319 -120.202470 -3.734287
-40.602860 3.440853 -119.712687 -3.759637
-42.251600 3.436830 -118.650966 -3.768916
-43.320900 3.414411 -117.035306 -3.757838
-44.325750 3.387384 -115.466331 -3.733716
-45.331720 3.373085 -113.292535 -3.698892
-46.030110 3.360854 -110.288564 -3.651393
-46.285070 3.372072 -107.720704 -3.609885
-46.293830 3.377503 -107.372670 -3.603557
-46.312230 3.381981 -107.323572 -3.603350
-46.311370 3.381408 -107.218330 -3.603044
-46.311220 3.382499 -107.198335 -3.603110
-46.311700 3.382912 -107.162268 -3.602402
-46.311880 3.383048 -107.135224 -3.603333
-46.311960 3.383094 -107.136892 -3.602824
-46.311990 3.383121 -107.130269 -3.603131
-46.312000 3.383079 -107.126006 -3.602468
-46.312010 3.383117 -107.097605 -3.603280
-46.312020 3.383125 -107.085730 -3.603104
-46.312020 3.383125 -106.943014 -3.602261
-46.312020 3.383115 -106.935761 -3.602571
-46.312020 3.383119 -106.924690 -3.602520
-46.312020 3.383119 -106.905190 -3.603198
-46.312020 3.383113 -106.859300 -3.603741
-46.312020 3.383079 -106.848787 -3.604088
-46.312380 3.382639 -106.671357 -3.603188
-46.333870 3.384632 -106.502674 -3.602282
-46.397870 3.395949 -106.341764 -3.602033
-46.484210 3.419813 -106.340265 -3.601709
-46.586800 3.447370 -106.331436 -3.600719
-46.677100 3.462483 -104.460290 -3.571639
-46.717000 3.472343 -102.413134 -3.539462
-46.500350 3.480696 -100.048228 -3.497668
-46.042660 3.491826 -97.889863 -3.461690
-45.718930 3.498641 -95.630807 -3.422730
-45.333260 3.517798 -93.510282 -3.385133
-44.884620 3.530986 -90.805396 -3.338601
-44.384610 3.535388 -88.056334 -3.291356
-43.844760 3.538548 -85.227946 -3.244029
-43.155050 3.552558 -81.731547 -3.189266
-42.073690 3.536625 -77.977844 -3.135325
