0 0.007365 0.658633 100.000000 66.666664
0 0.006808 0.672873 200.000000 76.923080
0 0.004215 0.664114 300.000000 63.829788
0 0.007625 0.646397 400.000000 63.492062
0 0.005955 0.516667 500.000000 67.567566
0 0.004532 0.463980 600.000000 69.767441
0 0.004397 0.291503 700.000000 72.164948
0 0.001246 0.176524 800.000000 73.394493
10 0.012458 0.548546 100.000000 76.923080
10 0.007123 0.494177 200.000000 64.516129
10 0.009479 0.529369 300.000000 60.000000
10 0.007390 0.444751 400.000000 65.573769
10 0.005908 0.452052 500.000000 69.444443
10 0.004750 0.325732 600.000000 71.428574
10 0.001147 0.214315 700.000000 72.916664
10 0.003058 0.155766 800.000000 74.766357
20 0.002282 0.966677 100.000000 58.823528
20 0.002073 0.996702 200.000000 52.631580
20 0.009265 0.730717 300.000000 61.224491
20 0.006957 0.714173 400.000000 65.573769
20 0.005638 0.573025 500.000000 69.444443
20 0.005144 0.441164 600.000000 71.428574
20 0.002677 0.190524 700.000000 73.684212
20 0.003578 0.166097 800.000000 74.766357
30 0.003558 0.886433 100.000000 38.461540
30 0.012619 0.680739 200.000000 52.631580
30 0.008427 0.781362 300.000000 61.224491
30 0.006860 0.752313 400.000000 65.573769
30 0.005544 0.669621 500.000000 69.444443
30 0.003608 0.327805 600.000000 71.428574
30 0.004025 0.339639 700.000000 73.684212
40 0.017500 0.991903 100.000000 50.000000
40 0.013084 0.768953 200.000000 64.516129
40 0.008762 0.923598 300.000000 69.767441
40 0.006890 0.775581 400.000000 74.074074
40 0.003961 0.622402 500.000000 75.757576
40 0.004822 0.305013 600.000000 77.922081
40 0.003984 0.380929 700.000000 78.651688
50 0.022515 0.785787 100.000000 71.428574
50 0.011633 0.956141 200.000000 80.000000
50 0.009726 1.042344 300.000000 81.081078
50 0.006852 0.908790 400.000000 83.333336
50 0.004714 0.621834 500.000000 83.333336
50 0.004624 0.474789 600.000000 84.507042
60 0.005400 0.515841 100.000000 76.923080
60 0.007615 0.536727 200.000000 80.000000
60 0.008179 0.880708 300.000000 83.333336
60 0.007177 0.898848 400.000000 85.106384
60 0.004885 0.744885 500.000000 84.745766
60 0.004060 0.931926 600.000000 84.507042
70 0.000412 0.378570 100.000000 76.923080
70 0.010440 0.879007 200.000000 80.000000
70 0.009980 1.026667 300.000000 83.333336
70 0.005279 0.844226 400.000000 83.333336
70 0.004169 1.033193 500.000000 84.745766
80 0.020734 1.342332 100.000000 76.923080
80 0.015260 1.519204 200.000000 80.000000
80 0.010454 1.025716 300.000000 83.333336
80 0.005207 1.238751 400.000000 83.333336
90 0.002848 1.306228 100.000000 76.923080
90 0.010481 1.183077 200.000000 83.333336
90 0.000158 1.202917 300.000000 83.333336
100 0.021198 1.386004 100.000000 76.923080
100 0.000804 1.256209 200.000000 80.000000
110 0.020789 0.125739 100.000000 76.923080
