0 0.005654 0.641124 100.000000 66.666664
0 0.002722 0.554912 200.000000 54.054054
0 0.007527 0.742764 300.000000 50.000000
0 0.007389 0.921555 400.000000 37.037037
0 0.005911 0.819800 500.000000 42.016808
0 0.004915 0.751828 600.000000 45.801525
0 0.002879 0.525723 700.000000 46.666668
0 0.002436 0.343897 800.000000 49.382717
10 0.000473 0.305565 100.000000 43.478260
10 0.009242 0.416915 200.000000 45.454544
10 0.006622 0.856008 300.000000 31.914894
10 0.007847 0.879175 400.000000 37.735847
10 0.006269 0.833578 500.000000 42.372883
10 0.004885 0.686781 600.000000 44.444443
10 0.003313 0.380583 700.000000 46.979866
10 0.002877 0.258971 800.000000 50.000000
20 0.017869 0.343620 100.000000 32.258064
20 0.008826 1.087098 200.000000 43.478260
20 0.010382 1.136820 300.000000 31.914894
20 0.007840 1.033605 400.000000 38.095238
20 0.005865 0.915250 500.000000 42.372883
20 0.003922 0.525374 600.000000 44.117645
20 0.003337 0.295035 700.000000 47.297298
20 0.003787 0.264507 800.000000 49.382717
30 0.017983 0.478475 100.000000 45.454544
30 0.008806 1.175983 200.000000 27.777779
30 0.010379 1.172070 300.000000 35.294117
30 0.007822 1.060440 400.000000 41.237114
30 0.005840 0.881062 500.000000 45.454544
30 0.003941 0.505142 600.000000 47.244095
30 0.003346 0.288375 700.000000 50.359711
30 0.003890 0.266669 800.000000 52.287582
40 0.017936 1.569539 100.000000 45.454544
40 0.015592 1.494418 200.000000 28.571428
40 0.010427 1.304234 300.000000 36.585365
40 0.007761 1.205687 400.000000 42.553192
40 0.004524 0.702738 500.000000 44.247787
40 0.003862 0.387641 600.000000 48.387096
40 0.003326 0.291770 700.000000 51.094891
50 0.000249 1.449258 100.000000 58.823528
50 0.008401 1.171373 200.000000 31.250000
50 0.005693 1.040086 300.000000 39.473682
50 0.007732 0.927061 400.000000 44.943821
50 0.006005 0.577194 500.000000 46.728973
50 0.005029 0.367602 600.000000 50.420170
50 0.004396 0.300322 700.000000 53.030304
60 0.017909 1.143303 100.000000 20.408163
60 0.008623 1.076794 200.000000 32.786884
60 0.005586 1.043734 300.000000 41.095890
60 0.007651 0.694529 400.000000 43.478260
60 0.006027 0.381068 500.000000 48.543690
60 0.005013 0.291601 600.000000 52.173912
70 0.017025 1.230475 100.000000 22.222221
70 0.008649 1.068478 200.000000 35.714287
70 0.010273 0.941984 300.000000 43.478260
70 0.007529 0.498817 400.000000 45.977013
70 0.006053 0.293263 500.000000 50.505051
70 0.005167 0.293062 600.000000 53.097343
80 0.017015 1.230361 100.000000 28.571428
80 0.008644 1.068656 200.000000 43.478260
80 0.010269 0.942494 300.000000 50.847458
80 0.007518 0.499075 400.000000 51.948051
80 0.006044 0.292995 500.000000 56.179775
80 0.005168 0.292428 600.000000 58.252426
90 0.017044 1.231786 100.000000 40.000000
90 0.008659 1.069730 200.000000 55.555557
90 0.010264 0.943349 300.000000 61.224491
90 0.007519 0.499052 400.000000 59.701492
90 0.006045 0.292694 500.000000 63.291138
90 0.005170 0.292495 600.000000 64.516129
100 0.017054 1.228665 100.000000 66.666664
100 0.008664 1.068772 200.000000 76.923080
100 0.010261 0.942903 300.000000 76.923080
100 0.007518 0.498547 400.000000 70.175438
100 0.006044 0.292355 500.000000 72.463768
100 0.005172 0.292525 600.000000 72.289154
110 0.000265 0.466057 100.000000 76.923080
110 0.008064 0.505974 200.000000 76.923080
110 0.010387 0.178352 300.000000 68.181816
110 0.007815 0.223296 400.000000 71.428574
110 0.005689 0.340682 500.000000 72.463768
120 0.000784 0.491792 100.000000 71.428574
120 0.015511 0.097004 200.000000 60.606060
120 0.010397 0.260313 300.000000 68.181816
120 0.007830 0.425090 400.000000 70.175438
130 0.030892 0.192711 100.000000 50.000000
130 0.015652 0.392161 200.000000 62.500000
130 0.010451 0.526955 300.000000 68.181816
140 0.018031 1.189611 100.000000 52.631580
140 0.009137 1.225793 200.000000 66.666664
140 0.000781 1.057460 300.000000 68.181816
150 0.000912 0.100369 100.000000 76.923080
150 0.000552 0.088519 200.000000 80.000000
160 0.000060 0.065736 100.000000 76.923080
170 0.017144 0.862680 100.000000 66.666664
