0 0.015005 0.508416 100.000000 23.255814
0 0.007138 0.724468 200.000000 22.727272
0 0.010007 0.788120 300.000000 30.612246
0 0.007431 0.798532 400.000000 38.461540
0 0.004548 0.650917 500.000000 43.103447
10 0.003238 0.875883 100.000000 26.315790
10 0.002105 0.950239 200.000000 24.390244
10 0.006190 0.807019 300.000000 33.333332
10 0.005261 0.782742 400.000000 40.816326
10 0.005967 0.548358 500.000000 42.372883
20 0.003405 0.870063 100.000000 35.714287
20 0.002127 0.945031 200.000000 27.777779
20 0.006234 0.805624 300.000000 37.500000
20 0.005296 0.783141 400.000000 45.454544
20 0.005944 0.549914 500.000000 46.296295
30 0.003423 0.983387 100.000000 52.631580
30 0.005380 1.027466 200.000000 31.746031
30 0.006208 0.862603 300.000000 42.253521
30 0.007190 0.800240 400.000000 50.632912
30 0.005914 0.552747 500.000000 50.505051
40 0.001888 1.402673 100.000000 20.833334
40 0.007703 1.041225 200.000000 34.482758
40 0.005073 0.853238 300.000000 46.875000
40 0.007743 0.621299 400.000000 53.333332
50 0.008732 1.172297 100.000000 23.255814
50 0.007994 0.853012 200.000000 39.215687
50 0.008679 0.796727 300.000000 50.847458
50 0.007847 0.581168 400.000000 50.632912
60 0.008732 1.173074 100.000000 30.303030
60 0.007995 0.853205 200.000000 48.780487
60 0.008684 0.796848 300.000000 61.224491
60 0.007838 0.582104 400.000000 57.971016
70 0.008715 1.171278 100.000000 43.478260
70 0.007995 0.852387 200.000000 64.516129
70 0.008685 0.796381 300.000000 76.923080
70 0.007840 0.581821 400.000000 67.796608
80 0.008743 1.144923 100.000000 76.923080
80 0.008021 0.843550 200.000000 95.238098
80 0.008711 0.792965 300.000000 103.448273
80 0.007792 0.604730 400.000000 80.000000
90 0.015698 0.985459 100.000000 100.000000
90 0.009202 0.988358 200.000000 111.111115
90 0.010381 0.867626 300.000000 78.947365
100 0.021012 0.883919 100.000000 90.909088
