0 0.031388 0.710185 100.000000 62.500000
0 0.015667 0.571776 200.000000 71.428574
0 0.009721 0.530426 300.000000 71.428574
0 0.005794 0.778951 400.000000 57.142857
0 0.003048 0.824790 500.000000 66.666664
0 0.001814 0.798708 600.000000 73.170731
0 0.001980 0.769076 700.000000 76.086960
0 0.001957 0.521677 800.000000 51.612904
10 0.009194 0.574583 100.000000 76.923080
10 0.004434 0.688281 200.000000 80.000000
10 0.004637 0.634115 300.000000 53.571430
10 0.004932 0.665912 400.000000 63.492062
10 0.005999 0.574075 500.000000 71.428574
10 0.004962 0.562637 600.000000 77.922081
10 0.003428 0.403475 700.000000 49.645390
10 0.003143 0.330292 800.000000 52.287582
20 0.000147 0.578526 100.000000 76.923080
20 0.008911 0.245472 200.000000 46.511627
20 0.006151 0.261972 300.000000 57.692307
20 0.007743 0.263651 400.000000 68.965515
20 0.006215 0.372492 500.000000 75.757576
20 0.004877 0.313659 600.000000 47.244095
20 0.004209 0.327324 700.000000 49.645390
20 0.002288 0.264518 800.000000 52.287582
30 0.018717 0.159492 100.000000 62.500000
30 0.009153 0.446553 200.000000 47.619049
30 0.010292 0.499088 300.000000 62.500000
30 0.007701 0.548768 400.000000 74.074074
30 0.005942 0.488953 500.000000 75.757576
30 0.004911 0.402531 600.000000 46.511627
30 0.002549 0.306116 700.000000 49.645390
30 0.002287 0.254732 800.000000 52.287582
40 0.017867 0.612463 100.000000 34.482758
40 0.014258 0.638578 200.000000 57.142857
40 0.010340 0.685821 300.000000 71.428574
40 0.006634 0.727846 400.000000 76.923080
40 0.005905 0.481705 500.000000 43.478260
40 0.003606 0.426313 600.000000 47.244095
40 0.002626 0.285883 700.000000 50.359711
40 0.002286 0.261999 800.000000 52.287582
50 0.000830 1.340076 100.000000 45.454544
50 0.007726 0.992081 200.000000 71.428574
50 0.005161 0.814764 300.000000 85.714287
50 0.007613 0.662254 400.000000 85.106384
50 0.006144 0.651510 500.000000 45.454544
50 0.004789 0.536633 600.000000 49.180328
50 0.004121 0.392146 700.000000 52.631580
50 0.002494 0.244879 800.000000 54.054054
60 0.000730 1.281340 100.000000 83.333336
60 0.007912 0.967948 200.000000 111.111115
60 0.005284 0.808832 300.000000 120.000000
60 0.007638 0.664379 400.000000 108.108109
60 0.006163 0.655919 500.000000 50.000000
60 0.004735 0.539668 600.000000 53.571430
60 0.004073 0.392459 700.000000 56.451614
60 0.002469 0.250212 800.000000 57.971016
70 0.014508 0.876418 100.000000 142.857147
70 0.008177 0.881532 200.000000 142.857147
70 0.010324 0.869399 300.000000 120.000000
70 0.007842 0.953647 400.000000 44.943821
70 0.005638 0.843908 500.000000 49.504951
70 0.004765 0.630553 600.000000 53.571430
70 0.002718 0.454068 700.000000 55.118111
70 0.002493 0.253926 800.000000 57.971016
80 0.001799 0.476516 100.000000 90.909088
80 0.009351 0.926637 200.000000 27.027027
80 0.009155 1.257915 300.000000 34.883720
80 0.007842 1.035691 400.000000 40.816326
80 0.006275 0.887511 500.000000 45.045044
80 0.004983 0.543601 600.000000 47.619049
80 0.004481 0.323267 700.000000 53.030304
80 0.003374 0.301028 800.000000 57.971016
90 0.018101 2.096499 100.000000 15.384615
90 0.014698 1.995062 200.000000 25.974026
90 0.010406 1.418953 300.000000 33.707867
90 0.007826 1.133338 400.000000 39.215687
90 0.005932 0.652197 500.000000 43.103447
90 0.005135 0.374441 600.000000 49.180328
90 0.003784 0.313729 700.000000 54.263565
90 0.003283 0.381030 800.000000 57.971016
100 0.000507 1.528044 100.000000 16.393442
100 0.010745 1.359317 200.000000 27.397261
100 0.007216 1.107741 300.000000 35.714287
100 0.007799 0.963734 400.000000 40.404041
100 0.006105 0.651235 500.000000 45.871559
100 0.004418 0.430465 600.000000 52.173912
100 0.003832 0.326581 700.000000 57.377048
100 0.003319 0.365986 800.000000 59.701492
110 0.000438 1.522241 100.000000 19.607843
110 0.010720 1.356008 200.000000 31.746031
110 0.007199 1.105727 300.000000 40.540539
110 0.007799 0.962895 400.000000 44.943821
110 0.006106 0.651154 500.000000 50.505051
110 0.004411 0.430664 600.000000 57.142857
110 0.003825 0.326724 700.000000 62.500000
110 0.003313 0.365871 800.000000 64.516129
120 0.000435 1.521642 100.000000 24.390244
120 0.010715 1.355736 200.000000 37.735847
120 0.007196 1.105540 300.000000 46.875000
120 0.007801 0.962710 400.000000 50.632912
120 0.006107 0.650980 500.000000 56.179775
120 0.004410 0.430528 600.000000 63.157894
120 0.003825 0.326722 700.000000 68.627449
120 0.003313 0.366003 800.000000 70.175438
130 0.000420 1.522779 100.000000 32.258064
130 0.010719 1.356053 200.000000 46.511627
130 0.007199 1.105782 300.000000 55.555557
130 0.007796 0.963229 400.000000 57.971016
130 0.006103 0.651659 500.000000 63.291138
130 0.004409 0.431178 600.000000 70.588234
130 0.003823 0.326963 700.000000 76.086960
130 0.003312 0.365702 800.000000 76.923080
140 0.000432 1.524405 100.000000 47.619049
140 0.010727 1.357094 200.000000 60.606060
140 0.007204 1.106570 300.000000 68.181816
140 0.007793 0.963855 400.000000 67.796608
140 0.006101 0.652146 500.000000 72.463768
140 0.004408 0.431541 600.000000 80.000000
140 0.003823 0.327148 700.000000 85.365852
140 0.003312 0.365718 800.000000 85.106384
150 0.004400 1.488883 100.000000 76.923080
150 0.010695 1.291619 200.000000 80.000000
150 0.007223 1.117630 300.000000 81.081078
150 0.007785 0.890798 400.000000 75.471695
150 0.005966 0.599493 500.000000 83.333336
150 0.004475 0.391602 600.000000 89.552238
150 0.003805 0.310270 700.000000 93.333336
150 0.003754 0.374780 800.000000 91.954025
160 0.021106 1.365580 100.000000 76.923080
160 0.010632 1.135109 200.000000 80.000000
160 0.010378 0.958475 300.000000 73.170731
160 0.007472 0.622336 400.000000 80.000000
160 0.005335 0.367126 500.000000 89.285713
160 0.004436 0.249456 600.000000 95.238098
160 0.003852 0.351929 700.000000 93.333336
160 0.003551 0.424443 800.000000 85.106384
170 0.000615 0.627214 100.000000 76.923080
170 0.008742 0.342232 200.000000 71.428574
170 0.005631 0.354416 300.000000 76.923080
170 0.007539 0.390067 400.000000 88.888885
170 0.006062 0.475677 500.000000 96.153847
170 0.005122 0.628235 600.000000 95.238098
170 0.004199 0.643688 700.000000 85.365852
170 0.003832 0.601505 800.000000 84.210526
180 0.018200 0.239002 100.000000 62.500000
180 0.008713 0.416783 200.000000 71.428574
180 0.009780 0.569335 300.000000 88.235291
180 0.007676 0.631005 400.000000 100.000000
180 0.006235 0.792597 500.000000 98.039215
180 0.003934 0.799827 600.000000 85.714287
180 0.004410 0.767736 700.000000 85.365852
180 0.003537 0.611699 800.000000 77.669907
190 0.017247 0.715351 100.000000 62.500000
190 0.013679 0.752693 200.000000 90.909088
190 0.010349 0.825039 300.000000 107.142860
190 0.007828 0.944753 400.000000 105.263161
190 0.004754 0.998604 500.000000 102.040817
190 0.005125 0.936890 600.000000 86.956520
190 0.004480 0.738920 700.000000 79.545456
190 0.003786 0.520363 800.000000 66.115700
200 0.006052 1.200514 100.000000 100.000000
200 0.007845 0.958859 200.000000 125.000000
200 0.005088 0.854428 300.000000 130.434784
200 0.004258 0.934041 400.000000 114.285713
200 0.003763 0.849968 500.000000 90.909088
200 0.005200 0.746231 600.000000 81.081078
200 0.004157 0.617014 700.000000 76.923080
200 0.002590 0.507709 800.000000 62.992126
210 0.005590 0.617796 100.000000 125.000000
210 0.002905 0.603933 200.000000 117.647057
210 0.006151 0.545737 300.000000 103.448273
210 0.005072 0.579134 400.000000 83.333336
210 0.005565 0.749998 500.000000 73.529411
210 0.004122 0.657711 600.000000 60.000000
210 0.003621 0.552653 700.000000 57.851238
210 0.003518 0.381478 800.000000 37.383179
220 0.000559 0.069678 100.000000 76.923080
220 0.006842 0.465434 200.000000 62.500000
220 0.008651 0.740610 300.000000 66.666664
220 0.007781 0.923665 400.000000 61.538460
220 0.005127 0.672034 500.000000 51.020409
220 0.004779 0.528762 600.000000 40.540539
220 0.002292 0.418593 700.000000 33.333332
220 0.002209 0.421794 800.000000 34.782608
230 0.019032 0.931551 100.000000 50.000000
230 0.013174 0.999165 200.000000 60.606060
230 0.010384 1.211278 300.000000 55.555557
230 0.006522 0.838890 400.000000 47.058823
230 0.005525 0.641413 500.000000 36.764706
230 0.002550 0.474944 600.000000 30.150753
230 0.001775 0.497384 700.000000 32.110092
240 0.011787 1.035099 100.000000 47.619049
240 0.006309 1.375056 200.000000 48.780487
240 0.009903 0.966922 300.000000 41.095890
240 0.005150 0.706258 400.000000 42.553192
240 0.002869 0.483539 500.000000 26.737968
240 0.002263 0.405623 600.000000 29.411764
250 0.013066 0.941497 100.000000 71.428574
250 0.012252 1.254070 200.000000 57.142857
250 0.009137 0.845562 300.000000 45.454544
250 0.006124 0.656833 400.000000 34.188034
250 0.003151 0.439967 500.000000 27.932961
250 0.004725 0.367281 600.000000 30.150753
260 0.003384 1.538490 100.000000 45.454544
260 0.012888 0.969380 200.000000 37.735847
260 0.010445 0.716986 300.000000 28.846153
260 0.006532 0.537031 400.000000 23.952095
260 0.005112 0.521742 500.000000 26.881720
270 0.016730 1.192741 100.000000 52.631580
270 0.012970 0.740410 200.000000 40.816326
270 0.009181 0.558379 300.000000 24.390244
270 0.006681 0.511661 400.000000 24.844721
270 0.004974 0.555630 500.000000 27.624310
280 0.025741 0.557177 100.000000 30.303030
280 0.014821 0.447380 200.000000 24.096386
280 0.008982 0.476542 300.000000 20.408163
280 0.006591 0.575236 400.000000 24.096386
290 0.031377 0.691776 100.000000 27.027027
290 0.015233 0.487618 200.000000 18.867924
290 0.009908 0.741957 300.000000 20.979021
290 0.007564 0.738372 400.000000 24.691359
300 0.029945 0.692520 100.000000 35.714287
300 0.015062 0.489841 200.000000 20.833334
300 0.009802 0.738518 300.000000 22.556391
300 0.007237 0.729803 400.000000 26.143791
310 0.017443 0.215047 100.000000 43.478260
310 0.010279 0.765255 200.000000 17.241379
310 0.007045 1.061072 300.000000 23.437500
320 0.027136 1.221795 100.000000 13.513514
320 0.013991 1.387487 200.000000 17.857143
320 0.003494 1.385665 300.000000 22.900763
330 0.002796 0.756737 100.000000 10.638298
330 0.002402 1.008290 200.000000 18.867924
330 0.010200 0.736079 300.000000 23.809525
340 0.006239 1.235254 100.000000 11.494253
340 0.003530 1.413975 200.000000 19.047619
350 0.006265 1.235700 100.000000 12.987013
350 0.003542 1.414957 200.000000 21.052631
360 0.006261 1.232862 100.000000 14.925373
360 0.003538 1.413522 200.000000 23.529411
370 0.018258 0.524822 100.000000 16.666666
370 0.015066 0.842955 200.000000 25.000000
380 0.018235 0.523971 100.000000 20.000000
380 0.015067 0.842564 200.000000 28.571428
390 0.018327 0.528274 100.000000 25.000000
390 0.015024 0.844363 200.000000 33.333332
400 0.015274 1.075353 100.000000 30.303030
400 0.014248 1.044333 200.000000 37.735847
410 0.015240 1.075689 100.000000 43.478260
410 0.014272 1.044507 200.000000 46.511627
420 0.015032 1.225199 100.000000 71.428574
420 0.013858 1.051137 200.000000 58.823528
430 0.020658 1.011900 100.000000 47.619049
