0 0.016407 0.514634 100.000000 47.619049
0 0.015181 0.565737 200.000000 51.282051
0 0.010365 0.733136 300.000000 66.666664
0 0.007313 0.712264 400.000000 78.431374
0 0.005657 0.612765 500.000000 89.285713
0 0.004994 0.575542 600.000000 96.774193
0 0.004091 0.611499 700.000000 102.941177
0 0.003603 0.561931 800.000000 109.589043
10 0.020877 1.101709 100.000000 37.037037
10 0.010327 0.829960 200.000000 60.606060
10 0.008318 0.794308 300.000000 78.947365
10 0.007671 0.733355 400.000000 90.909088
10 0.003278 0.643897 500.000000 102.040817
10 0.005128 0.638377 600.000000 109.090912
10 0.004067 0.629216 700.000000 114.754097
10 0.003136 0.531236 800.000000 121.212120
20 0.022912 0.890721 100.000000 50.000000
20 0.010824 0.885705 200.000000 80.000000
20 0.009403 0.910907 300.000000 96.774193
20 0.007695 0.806206 400.000000 111.111115
20 0.006228 0.777896 500.000000 116.279068
20 0.005173 0.766932 600.000000 125.000000
20 0.003708 0.688125 700.000000 129.629623
20 0.003266 0.550980 800.000000 133.333328
30 0.022950 0.872035 100.000000 100.000000
30 0.010996 0.973419 200.000000 125.000000
30 0.009448 0.917913 300.000000 142.857147
30 0.007670 0.833281 400.000000 148.148148
30 0.006262 0.789487 500.000000 151.515152
30 0.004812 0.795928 600.000000 153.846161
30 0.003671 0.698133 700.000000 159.090912
30 0.003207 0.558161 800.000000 156.862747
40 0.002956 0.983071 100.000000 142.857147
40 0.006853 0.833308 200.000000 153.846161
40 0.005847 0.717033 300.000000 166.666672
40 0.004058 0.728652 400.000000 166.666672
40 0.004737 0.753652 500.000000 166.666672
40 0.005217 0.669813 600.000000 171.428574
40 0.004344 0.574789 700.000000 162.790695
40 0.002392 0.537708 800.000000 145.454544
50 0.007129 1.063421 100.000000 142.857147
50 0.002768 0.999911 200.000000 153.846161
50 0.003626 1.004094 300.000000 157.894730
50 0.004808 0.901998 400.000000 166.666672
50 0.004262 0.786953 500.000000 161.290329
50 0.005113 0.747237 600.000000 139.534882
50 0.002941 0.581991 700.000000 85.365852
50 0.001617 0.494618 800.000000 82.474228
60 0.002949 1.058970 100.000000 142.857147
60 0.004420 0.967416 200.000000 153.846161
60 0.004637 0.798327 300.000000 166.666672
60 0.003334 0.767997 400.000000 142.857147
60 0.005803 0.602335 500.000000 121.951218
60 0.003258 0.408487 600.000000 75.949364
60 0.002550 0.341102 700.000000 49.295776
60 0.003892 0.404487 800.000000 51.612904
70 0.010784 1.024295 100.000000 142.857147
70 0.004470 1.013159 200.000000 125.000000
70 0.008358 0.727762 300.000000 103.448273
70 0.006064 0.403097 400.000000 59.701492
70 0.004673 0.145146 500.000000 39.062500
70 0.005064 0.229911 600.000000 42.253521
70 0.004389 0.181659 700.000000 40.229885
70 0.000982 0.070462 800.000000 41.666668
80 0.015241 0.630343 100.000000 71.428574
80 0.012882 0.403316 200.000000 38.461540
80 0.010471 0.337192 300.000000 44.117645
80 0.006606 0.424482 400.000000 31.746031
80 0.006215 0.175554 500.000000 35.971222
80 0.005019 0.152728 600.000000 34.090908
80 0.000250 0.171869 700.000000 33.333332
80 0.003173 0.153163 800.000000 36.036037
90 0.018211 0.546455 100.000000 76.923080
90 0.015594 0.593842 200.000000 36.363636
90 0.008547 0.728689 300.000000 26.315790
90 0.007541 0.346053 400.000000 31.496063
90 0.006153 0.247516 500.000000 31.645569
90 0.000717 0.312502 600.000000 30.456852
90 0.002457 0.220495 700.000000 33.333332
90 0.003894 0.255054 800.000000 35.398232
100 0.015806 0.925875 100.000000 23.255814
100 0.014542 0.980064 200.000000 19.607843
100 0.007751 0.545755 300.000000 26.086956
100 0.007529 0.352937 400.000000 27.210884
100 0.005545 0.324357 500.000000 26.881720
100 0.001459 0.176710 600.000000 30.456852
100 0.003633 0.284266 700.000000 32.558140
100 0.003921 0.185210 800.000000 34.334763
110 0.016001 0.967314 100.000000 28.571428
110 0.015302 0.956904 200.000000 21.276596
110 0.007605 0.503388 300.000000 28.037384
110 0.007481 0.353895 400.000000 28.985508
110 0.004449 0.307337 500.000000 28.248587
110 0.000857 0.190542 600.000000 31.578947
110 0.004377 0.276540 700.000000 33.980583
110 0.003663 0.162527 800.000000 35.555557
120 0.016002 0.967484 100.000000 40.000000
120 0.015315 0.956687 200.000000 23.809525
120 0.007609 0.503009 300.000000 30.927835
120 0.007488 0.353525 400.000000 31.250000
120 0.004446 0.307449 500.000000 29.940121
120 0.000857 0.190707 600.000000 33.333332
120 0.004372 0.276407 700.000000 35.714287
120 0.003661 0.162407 800.000000 37.209301
130 0.016408 1.127500 100.000000 58.823528
130 0.015204 0.981312 200.000000 26.666666
130 0.007397 0.503366 300.000000 34.090908
130 0.007514 0.375135 400.000000 32.258064
130 0.003648 0.278328 500.000000 31.446541
130 0.001558 0.214224 600.000000 34.883720
130 0.004428 0.275872 700.000000 37.234043
130 0.003351 0.154626 800.000000 38.834953
140 0.016976 0.475574 100.000000 16.129032
140 0.015168 0.626120 200.000000 26.666666
140 0.008422 0.223438 300.000000 28.037384
140 0.004725 0.250183 400.000000 27.586206
140 0.003623 0.019603 500.000000 31.847134
140 0.002397 0.075053 600.000000 34.482758
140 0.004484 0.165597 700.000000 36.269428
140 0.000754 0.063862 800.000000 36.529682
150 0.031406 1.198575 100.000000 16.393442
150 0.015002 0.442994 200.000000 21.505377
150 0.006435 0.277910 300.000000 27.272728
150 0.006713 0.106574 400.000000 27.972029
150 0.002857 0.085683 500.000000 32.051281
150 0.004998 0.197340 600.000000 33.519554
150 0.003419 0.047748 700.000000 36.649216
150 0.001907 0.021706 800.000000 35.874439
160 0.031122 1.237468 100.000000 19.230770
160 0.014750 0.380416 200.000000 23.809525
160 0.006190 0.263318 300.000000 29.411764
160 0.006157 0.098044 400.000000 29.850746
160 0.002866 0.061232 500.000000 34.013607
160 0.005151 0.188617 600.000000 35.294117
160 0.002984 0.011488 700.000000 35.714287
160 0.002277 0.022047 800.000000 37.383179
170 0.031116 1.237436 100.000000 23.809525
170 0.014758 0.380645 200.000000 27.027027
170 0.006185 0.263472 300.000000 32.608696
170 0.006163 0.098027 400.000000 32.258064
170 0.002864 0.061195 500.000000 36.496349
170 0.005149 0.188659 600.000000 37.500000
170 0.002988 0.011652 700.000000 37.634407
170 0.002275 0.022093 800.000000 39.215687
180 0.031133 1.236901 100.000000 31.250000
180 0.014795 0.382125 200.000000 31.250000
180 0.006171 0.263696 300.000000 36.585365
180 0.006185 0.098115 400.000000 35.087719
180 0.002850 0.061316 500.000000 39.370079
180 0.005148 0.188713 600.000000 40.000000
180 0.003001 0.012355 700.000000 39.772728
180 0.002264 0.022112 800.000000 41.237114
190 0.031135 1.236419 100.000000 45.454544
190 0.014804 0.382197 200.000000 37.037037
190 0.006167 0.263972 300.000000 41.666668
190 0.006190 0.097960 400.000000 38.461540
190 0.002846 0.061167 500.000000 42.735043
190 0.005148 0.188736 600.000000 42.857143
190 0.003005 0.012558 700.000000 42.168674
190 0.002262 0.022206 800.000000 43.478260
200 0.028976 1.302105 100.000000 66.666664
200 0.015376 0.378523 200.000000 43.478260
200 0.005495 0.261558 300.000000 35.294117
200 0.006608 0.142900 400.000000 41.237114
200 0.002141 0.057493 500.000000 43.859650
200 0.005211 0.194596 600.000000 45.112782
200 0.002487 0.078275 700.000000 44.303799
200 0.001388 0.036723 800.000000 45.454544
210 0.021376 0.523802 100.000000 30.303030
210 0.014956 0.299354 200.000000 39.215687
210 0.009637 0.339862 300.000000 35.714287
210 0.007537 0.137386 400.000000 41.237114
210 0.001838 0.100428 500.000000 41.666668
210 0.004129 0.096925 600.000000 41.666668
210 0.003043 0.039993 700.000000 42.944786
210 0.000850 0.066375 800.000000 38.095238
220 0.029283 1.081367 100.000000 25.641026
220 0.015039 0.652865 200.000000 27.777779
220 0.006691 0.200797 300.000000 35.294117
220 0.007362 0.255610 400.000000 37.383179
220 0.002952 0.165691 500.000000 42.016808
220 0.005061 0.178571 600.000000 39.735100
220 0.002236 0.113313 700.000000 35.353535
220 0.002032 0.030949 800.000000 31.746031
230 0.028927 1.064175 100.000000 34.482758
230 0.014782 0.664060 200.000000 32.258064
230 0.006728 0.211099 300.000000 40.000000
230 0.007285 0.264260 400.000000 40.816326
230 0.003123 0.164348 500.000000 45.454544
230 0.005139 0.182124 600.000000 42.553192
230 0.002314 0.118762 700.000000 37.234043
230 0.001975 0.031063 800.000000 33.057850
240 0.031117 1.135384 100.000000 50.000000
240 0.014543 0.688285 200.000000 38.461540
240 0.006674 0.228673 300.000000 46.153847
240 0.005808 0.274328 400.000000 44.943821
240 0.003011 0.168361 500.000000 50.000000
240 0.004900 0.201300 600.000000 45.454544
240 0.002390 0.121361 700.000000 39.106144
240 0.002126 0.040092 800.000000 34.334763
250 0.031403 1.301983 100.000000 25.641026
250 0.015637 0.466320 200.000000 38.461540
250 0.005907 0.260267 300.000000 44.117645
250 0.006381 0.221585 400.000000 46.511627
250 0.004153 0.131534 500.000000 44.642857
250 0.005159 0.216205 600.000000 36.363636
250 0.003115 0.073912 700.000000 32.110092
250 0.001992 0.042906 800.000000 33.755276
260 0.022553 0.851434 100.000000 29.411764
260 0.013478 0.283851 200.000000 42.553192
260 0.007609 0.259777 300.000000 42.857143
260 0.007566 0.225479 400.000000 41.666668
260 0.004105 0.124116 500.000000 43.859650
260 0.005022 0.196109 600.000000 37.267082
260 0.003260 0.068769 700.000000 32.558140
260 0.000527 0.056488 800.000000 33.472805
270 0.026477 0.815442 100.000000 38.461540
270 0.013118 0.161507 200.000000 47.619049
270 0.007274 0.241669 300.000000 48.387096
270 0.004997 0.226707 400.000000 45.454544
270 0.004088 0.087085 500.000000 47.619049
270 0.005012 0.172874 600.000000 39.473682
270 0.003367 0.059473 700.000000 33.980583
270 0.001891 0.038636 800.000000 34.632034
280 0.026444 0.814843 100.000000 62.500000
280 0.013111 0.161650 200.000000 62.500000
280 0.007263 0.241506 300.000000 57.692307
280 0.005007 0.226879 400.000000 51.282051
280 0.004087 0.087102 500.000000 52.631580
280 0.005015 0.172909 600.000000 42.253521
280 0.003373 0.059551 700.000000 35.714287
280 0.001886 0.038517 800.000000 36.199097
290 0.031065 0.304320 100.000000 71.428574
290 0.013354 0.214326 200.000000 54.054054
290 0.005945 0.292029 300.000000 61.224491
290 0.007519 0.207736 400.000000 49.382717
290 0.005083 0.135368 500.000000 39.062500
290 0.005088 0.070479 600.000000 32.967033
290 0.002377 0.036475 700.000000 35.000000
290 0.001192 0.050682 800.000000 36.697247
300 0.031347 1.252436 100.000000 58.823528
300 0.012277 0.604515 200.000000 55.555557
300 0.004683 0.238112 300.000000 48.387096
300 0.005692 0.298760 400.000000 34.782608
300 0.003885 0.149830 500.000000 29.761906
300 0.004727 0.215662 600.000000 32.085560
300 0.003046 0.110562 700.000000 34.146343
300 0.001373 0.092623 800.000000 34.632034
310 0.031111 1.252882 100.000000 45.454544
310 0.013387 0.388379 200.000000 42.553192
310 0.005626 0.221660 300.000000 46.153847
310 0.005907 0.206298 400.000000 35.714287
310 0.003933 0.093245 500.000000 30.120481
310 0.005173 0.205639 600.000000 31.413612
310 0.003735 0.065560 700.000000 32.407406
310 0.003274 0.123304 800.000000 29.090910
320 0.025834 0.853098 100.000000 55.555557
320 0.014321 0.184901 200.000000 40.816326
320 0.006426 0.205095 300.000000 30.927835
320 0.005541 0.220604 400.000000 26.490067
320 0.003834 0.085551 500.000000 29.585798
320 0.004413 0.190847 600.000000 32.085560
320 0.004324 0.116525 700.000000 32.863850
330 0.025589 0.285585 100.000000 37.037037
330 0.013101 0.168093 200.000000 44.444443
330 0.005971 0.308508 300.000000 32.608696
330 0.007742 0.158020 400.000000 27.397261
330 0.002267 0.118945 500.000000 29.239765
330 0.003627 0.073355 600.000000 30.612246
330 0.003130 0.071855 700.000000 27.450981
340 0.030921 1.074193 100.000000 30.303030
340 0.013330 0.582941 200.000000 25.000000
340 0.006356 0.211028 300.000000 22.388060
340 0.007512 0.261624 400.000000 25.316456
340 0.001634 0.130163 500.000000 29.411764
340 0.001467 0.098114 600.000000 30.612246
350 0.031045 1.083108 100.000000 43.478260
350 0.013463 0.589434 200.000000 28.571428
350 0.006331 0.215118 300.000000 24.193548
350 0.007522 0.262092 400.000000 27.027027
350 0.001597 0.129369 500.000000 31.250000
350 0.001436 0.099065 600.000000 32.258064
360 0.028955 1.216216 100.000000 18.181818
360 0.013369 0.578561 200.000000 29.850746
360 0.006800 0.277981 300.000000 23.809525
360 0.007516 0.160144 400.000000 27.586206
360 0.003469 0.213386 500.000000 29.239765
370 0.030982 1.385681 100.000000 20.408163
370 0.014761 0.428315 200.000000 19.607843
370 0.005434 0.238425 300.000000 23.809525
370 0.005812 0.158424 400.000000 28.776978
370 0.003876 0.269494 500.000000 30.303030
380 0.027108 0.820036 100.000000 22.727272
380 0.012684 0.128895 200.000000 19.417477
380 0.008981 0.257256 300.000000 24.590164
380 0.007830 0.288890 400.000000 27.027027
380 0.006266 0.410874 500.000000 24.271845
390 0.027059 0.819733 100.000000 29.411764
390 0.012662 0.130245 200.000000 21.505377
390 0.009013 0.257252 300.000000 26.785715
390 0.007833 0.288186 400.000000 28.985508
390 0.006268 0.409739 500.000000 25.510204
400 0.027030 0.818748 100.000000 41.666668
400 0.012679 0.129552 200.000000 24.096386
400 0.009017 0.257142 300.000000 29.411764
400 0.007837 0.288434 400.000000 31.250000
400 0.006271 0.410016 500.000000 26.881720
410 0.027213 0.816808 100.000000 71.428574
410 0.012541 0.106666 200.000000 27.027027
410 0.008989 0.261869 300.000000 32.258064
410 0.007849 0.292026 400.000000 33.898304
410 0.006281 0.430633 500.000000 28.248587
420 0.027636 0.622865 100.000000 17.857143
420 0.014845 0.404131 200.000000 25.000000
420 0.009841 0.246933 300.000000 28.571428
420 0.007299 0.364106 400.000000 24.390244
430 0.028904 0.983910 100.000000 17.857143
430 0.014672 0.587236 200.000000 26.666666
430 0.009842 0.271829 300.000000 29.702971
440 0.028974 0.986477 100.000000 21.739130
440 0.014680 0.587335 200.000000 30.769230
440 0.009818 0.273470 300.000000 32.967033
450 0.028979 0.985071 100.000000 27.777779
450 0.014716 0.586873 200.000000 36.363636
450 0.009793 0.275202 300.000000 37.037037
460 0.028961 0.985425 100.000000 38.461540
460 0.014704 0.587068 200.000000 44.444443
460 0.009803 0.274233 300.000000 42.253521
470 0.027579 1.064510 100.000000 52.631580
470 0.012842 0.669234 200.000000 52.631580
470 0.008649 0.191331 300.000000 46.875000
480 0.031316 1.305006 100.000000 45.454544
480 0.011668 0.592516 200.000000 42.553192
480 0.007759 0.214753 300.000000 28.301888
490 0.025987 0.818465 100.000000 52.631580
490 0.014896 0.687262 200.000000 44.444443
500 0.017473 0.526627 100.000000 37.037037
500 0.008744 0.644288 200.000000 23.255814
510 0.001598 1.055221 100.000000 13.698630
520 0.001064 1.121083 100.000000 15.625000
