0 0.005364 0.153122 100.000000 43.478260
0 0.010407 0.129469 200.000000 45.454544
0 0.010449 0.110248 300.000000 53.571430
0 0.005265 0.052311 400.000000 54.794521
0 0.000151 0.069712 500.000000 58.823528
0 0.003373 0.077804 600.000000 57.142857
0 0.004459 0.052565 700.000000 60.344826
0 0.003729 0.116552 800.000000 61.538460
10 0.013436 0.093162 100.000000 71.428574
10 0.011841 0.129082 200.000000 57.142857
10 0.010465 0.111089 300.000000 63.829788
10 0.005220 0.049817 400.000000 62.500000
10 0.000240 0.067027 500.000000 64.935066
10 0.003760 0.078132 600.000000 62.500000
10 0.004453 0.060293 700.000000 65.420563
10 0.003726 0.126505 800.000000 66.115700
20 0.009154 0.129457 100.000000 43.478260
20 0.015650 0.097499 200.000000 58.823528
20 0.007949 0.104477 300.000000 58.823528
20 0.000108 0.073114 400.000000 63.492062
20 0.003559 0.085476 500.000000 60.240963
20 0.005199 0.080169 600.000000 63.157894
20 0.004299 0.135444 700.000000 64.220184
30 0.005532 1.197477 100.000000 58.823528
30 0.011336 0.365740 200.000000 68.965515
30 0.010316 0.352230 300.000000 65.217392
30 0.005586 0.069827 400.000000 60.606060
30 0.001668 0.296653 500.000000 64.102562
30 0.002734 0.228322 600.000000 66.666664
30 0.004380 0.241026 700.000000 67.307693
40 0.031249 0.021365 100.000000 76.923080
40 0.014660 0.092520 200.000000 66.666664
40 0.001229 0.045571 300.000000 71.428574
40 0.003694 0.129606 400.000000 64.516129
40 0.006078 0.133706 500.000000 67.567566
40 0.004578 0.209268 600.000000 68.181816
40 0.004168 0.324129 700.000000 53.030304
50 0.007155 0.633354 100.000000 71.428574
50 0.015570 0.829338 200.000000 66.666664
50 0.010409 0.503474 300.000000 60.000000
50 0.001631 0.167135 400.000000 64.516129
50 0.003099 0.180306 500.000000 65.789474
50 0.002253 0.144255 600.000000 49.586777
60 0.030731 1.122194 100.000000 55.555557
60 0.015691 0.805714 200.000000 51.282051
60 0.004310 0.185799 300.000000 60.000000
60 0.002544 0.234130 400.000000 62.500000
60 0.003288 0.061047 500.000000 46.296295
70 0.023512 1.340692 100.000000 71.428574
70 0.015486 1.082476 200.000000 58.823528
70 0.007091 0.405096 300.000000 66.666664
70 0.003428 0.264740 400.000000 67.796608
80 0.014248 0.126714 100.000000 45.454544
80 0.015620 0.260463 200.000000 60.606060
80 0.009948 0.382470 300.000000 63.829788
80 0.007646 0.542147 400.000000 43.478260
90 0.023050 0.180152 100.000000 62.500000
90 0.015518 0.298344 200.000000 74.074074
90 0.010162 0.421109 300.000000 73.170731
100 0.028919 0.782208 100.000000 76.923080
100 0.014170 0.862842 200.000000 74.074074
100 0.009568 0.972639 300.000000 41.666668
110 0.007075 0.109713 100.000000 66.666664
110 0.005993 0.829793 200.000000 33.333332
120 0.016101 1.208350 100.000000 66.666664
