0.000000 0.000000 -0.000000 0.000000
-0.017534 0.283467 -0.033107 0.769727
-0.060000 0.627936 -0.103258 1.573388
-0.141534 1.081913 -0.258451 2.516388
-0.293459 1.604140 -0.524035 3.549756
-0.522492 2.173020 -0.904587 4.607912
-0.839493 2.758285 -1.329421 5.404569
-1.242764 3.333105 -1.874351 6.175305
-1.761568 3.880703 -2.513413 6.827310
-2.415527 4.382391 -3.411685 7.522363
-3.215512 4.824434 -4.632055 8.176313
-4.177130 5.153468 -5.897444 8.570818
-5.299329 5.360943 -7.181986 8.724972
-6.558994 5.427674 -8.556090 8.675219
-7.950411 5.389282 -10.190105 8.503242
-9.480377 5.263869 -12.123047 8.227352
-11.152740 5.088360 -14.478592 7.774455
-12.964270 4.901812 -16.966589 7.282600
-14.913410 4.697363 -19.539606 6.773822
-17.004780 4.494630 -22.231656 6.240283
-19.224270 4.290984 -24.865602 5.719091
-21.564480 4.100217 -27.277711 5.242907
-23.969500 3.908970 -29.916043 4.723080
-26.461360 3.716343 -32.598643 4.196637
-28.997620 3.492898 -35.246995 3.677587
-31.515860 3.271990 -37.977234 3.141100
-34.026260 3.051261 -40.668796 2.611414
-36.533450 2.843137 -43.349899 2.084094
-39.049180 2.638855 -45.977311 1.563720
-41.538400 2.436154 -48.688511 1.018492
-44.015190 2.223683 -51.325206 0.481580
-46.483350 2.028253 -54.256687 -0.120927
-48.933140 1.820295 -57.130719 -0.716790
-51.328710 1.575304 -59.839813 -1.278230
-53.701960 1.337479 -62.304164 -1.785201
-56.038080 1.110756 -64.821432 -2.302930
-58.330390 0.883063 -67.362727 -2.826385
-60.536580 0.662366 -69.664999 -3.295513
-62.620220 0.461718 -71.877962 -3.742226
-64.570470 0.320188 -73.882293 -4.122640
-66.375630 0.255567 -75.768862 -4.406396
-67.990520 0.345560 -77.521152 -4.559475
-69.403760 0.611089 -78.962161 -4.467811
-70.681710 1.080744 -80.303852 -4.170072
-71.814190 1.753829 -81.520217 -3.665731
-72.810710 2.601772 -82.485356 -2.981897
-73.659320 3.554385 -83.235225 -2.169380
-74.401710 4.718510 -83.901444 -1.136436
-75.018160 6.110247 -84.344142 -0.092417
-75.539300 7.706095 -84.748125 1.275143
-75.980690 9.486418 -85.143007 2.924360
-76.379030 11.414990 -85.501622 4.721383
-76.702710 13.494070 -85.830686 6.725013
-76.964630 15.687850 -86.098499 8.659645
-77.198810 17.993590 -86.355211 10.771293
-77.402440 20.301510 -86.611188 13.133212
-77.573400 22.614340 -86.870647 15.639149
-77.734200 24.898110 -87.123985 18.120768
-77.908780 27.180670 -87.381668 20.670335
-78.064690 29.440670 -87.619049 23.033285
-78.198100 31.701300 -87.877638 25.621747
-78.346240 34.000930 -88.133544 28.182229
-78.507180 36.347540 -88.412293 30.941293
-78.700400 38.735230 -88.695464 33.647796
-78.895930 41.194680 -88.995527 36.386466
-79.100340 43.724740 -89.274029 39.025254
-79.318630 46.299200 -89.549468 41.619919
-79.508610 48.902070 -89.808916 44.108911
-79.697420 51.529450 -90.086820 46.765267
-79.900390 54.113500 -90.382551 49.548769
-80.092730 56.670630 -90.684256 52.323058
-80.280860 59.213100 -90.984180 54.945255
-80.474010 61.695670 -91.268878 57.358896
-80.696040 64.136290 -91.562627 59.758111
-80.945180 66.559290 -91.896056 62.172280
-81.219160 68.948800 -92.274790 64.603111
-81.542260 71.291910 -92.704525 67.085999
-81.910890 73.584740 -93.171863 69.487188
-82.326990 75.851980 -93.658076 71.747468
-82.765640 78.069230 -94.224210 74.086690
-83.284090 80.280970 -94.920722 76.640868
-83.856430 82.430700 -95.679667 79.096537
-84.492780 84.584160 -96.550771 81.602092
-85.212300 86.715560 -97.475076 83.934761
-85.996320 88.820790 -98.465688 86.176203
-86.860390 90.918090 -99.499161 88.332197
-87.802500 93.003510 -100.582149 90.409898
-88.749010 95.068170 -101.755932 92.498801
-89.747960 97.163510 -102.980483 94.544874
-90.774930 99.219550 -104.246629 96.534451
-91.840000 101.277400 -105.555635 98.496328
-92.914780 103.296100 -106.875297 100.381956
-94.015070 105.267400 -108.182130 102.180026
-95.123350 107.187800 -109.534275 103.960936
-96.223200 109.067700 -110.830736 105.590192
-97.263380 110.813500 -112.078173 107.097932
-98.241750 112.423300 -113.225579 108.450948
-99.124850 113.865700 -114.363485 109.774631
-99.918840 115.113700 -115.248015 110.771911
-100.633200 116.204600 -115.945562 111.508244
-101.305600 117.126600 -116.550000 112.116563
-101.873900 117.899200 -117.139173 112.683727
-102.405300 118.508600 -117.748579 113.176784
-102.901800 118.981600 -118.347737 113.575709
-103.418300 119.366800 -118.923886 113.891659
-103.954800 119.734800 -119.508076 114.141590
-104.533600 120.029100 -120.190670 114.358188
-105.136200 120.256600 -120.944333 114.515001
-105.801600 120.452000 -121.689737 114.573145
-106.640800 120.599400 -122.610365 114.528344
-107.630100 120.643400 -123.633588 114.339257
-108.711300 120.530800 -124.680307 113.987042
-109.893600 120.252600 -125.710732 113.452949
-111.159800 119.776100 -126.719088 112.727305
-112.496700 119.062200 -127.858654 111.650203
-113.898700 118.106700 -128.987297 110.259325
-115.384500 116.988900 -130.195521 108.594945
-116.978000 115.737300 -131.539510 106.636791
-118.659900 114.366200 -132.951672 104.538940
-120.438900 112.893300 -134.427795 102.329681
-122.328200 111.322200 -135.891445 100.132205
-124.284900 109.650200 -137.384243 97.894401
-126.332000 107.913600 -138.990046 95.466981
-128.461900 106.101400 -140.607110 93.005492
-130.662300 104.214900 -142.237262 90.505622
-132.923400 102.303500 -143.908793 87.935144
-135.189200 100.390400 -145.671682 85.210631
-137.468500 98.469440 -147.300816 82.667595
-139.748000 96.546090 -148.991447 80.018399
-142.020800 94.620440 -150.607695 77.490732
-144.286200 92.690670 -152.269085 74.900668
-146.547500 90.774040 -153.899206 72.418265
-148.833300 88.871460 -155.614887 69.811566
-151.113400 86.978090 -157.224900 67.360211
-153.379000 85.085390 -158.785932 64.970677
-155.629200 83.206150 -160.320135 62.616673
-157.861400 81.326710 -162.046773 59.957013
-160.058500 79.464550 -163.603563 57.553432
-162.221300 77.608580 -165.233495 55.030690
-164.376700 75.774280 -166.821280 52.575715
-166.524800 73.967130 -168.364791 50.183618
-168.668400 72.191080 -169.892708 47.803451
-170.783100 70.468000 -171.319050 45.586126
-172.829900 68.807490 -172.668029 43.477717
-174.785600 67.216050 -173.954772 41.457123
-176.663800 65.684200 -175.179215 39.546467
-178.444800 64.197390 -176.451540 37.558992
-180.100300 62.765190 -177.638599 35.669103
-181.648600 61.419590 -178.813567 33.764553
-183.088500 60.110320 -179.776564 32.110779
-184.404500 58.801210 -180.714616 30.286832
-185.549500 57.458340 -181.321709 28.691134
-186.455000 56.066080 -181.689176 27.132611
-187.120600 54.647590 -181.823877 25.663208
-187.525600 53.213090 -181.727473 24.224377
-187.748500 51.772320 -181.406378 22.944120
-187.716500 50.330420 -180.857413 21.642825
-187.519800 48.954720 -180.071832 20.391566
-187.091900 47.667580 -179.043628 19.216439
-186.478200 46.430560 -177.787344 18.172642
-185.743700 45.217520 -176.455371 17.331106
-184.898100 44.044150 -175.169361 16.655575
-183.968900 42.858990 -174.057792 16.120704
-182.972800 41.628580 -172.730198 15.504848
-181.887200 40.344680 -171.238244 14.819452
-180.726700 38.951790 -169.538770 14.050270
-179.492700 37.459110 -167.732000 13.231003
-178.162100 35.849180 -165.717134 12.313017
-176.710600 34.142700 -163.527135 11.317608
-175.171800 32.296660 -160.942437 10.146412
-173.559000 30.363270 -158.189461 8.898829
-171.867000 28.346750 -155.552446 7.700219
-170.123400 26.259270 -152.735489 6.424555
-168.337100 24.097840 -150.037090 5.204810
-166.581500 21.908660 -147.167056 3.910085
-164.835100 19.714670 -144.589184 2.753725
-163.104500 17.573870 -141.863129 1.538944
-161.377300 15.429150 -139.202591 0.343216
-159.682200 13.303470 -136.708010 -0.804372
-158.088000 11.153610 -134.351286 -1.996244
-156.652500 8.940913 -132.226130 -3.235111
-155.433700 6.640524 -130.206420 -4.619955
-154.451100 4.275819 -128.492011 -6.052779
-153.690900 1.836084 -126.972799 -7.585007
-153.116700 -0.684920 -125.820835 -9.011044
-152.659200 -3.301845 -124.282927 -11.115800
-152.323800 -6.003442 -122.807389 -13.351523
-152.034900 -8.818435 -121.384845 -15.612095
-151.705400 -11.696490 -119.851276 -18.053563
-151.368100 -14.689410 -118.301803 -20.527844
-151.018300 -17.760610 -116.726129 -23.039942
-150.658400 -20.884570 -115.172534 -25.530902
-150.317300 -24.039630 -113.580438 -28.111006
-149.995500 -27.198720 -111.880601 -30.894533
-149.688200 -30.326210 -110.205607 -33.654804
-149.392500 -33.448800 -108.718623 -36.106262
-149.124700 -36.525700 -107.308355 -38.451384
-148.881400 -39.588890 -105.809575 -40.949893
-148.663600 -42.621440 -104.328498 -43.414251
-148.444100 -45.622170 -102.832992 -45.936206
-148.225800 -48.590750 -101.340149 -48.454959
-148.013500 -51.538440 -99.848298 -50.953080
-147.797700 -54.448530 -98.287727 -53.537843
-147.579700 -57.330200 -96.815378 -55.965021
-147.341500 -60.171640 -95.413972 -58.264766
-147.099100 -62.956470 -93.974685 -60.614005
-146.873600 -65.641890 -92.547729 -62.943820
-146.684200 -68.188960 -91.176691 -65.193203
-146.575000 -70.550950 -90.043202 -67.145446
-146.515200 -72.689370 -89.028073 -68.956886
-146.496000 -74.588600 -88.076106 -70.711344
-146.520100 -76.249210 -87.266369 -72.274301
-146.562400 -77.644470 -86.821643 -73.185167
-146.614700 -78.752900 -86.469874 -73.882575
-146.644400 -79.571930 -86.084580 -74.564234
-146.661300 -80.195760 -85.924467 -74.857750
-146.655800 -80.746170 -85.780145 -75.125335
-146.626400 -81.202170 -85.714703 -75.264868
-146.606400 -81.580050 -85.664781 -75.370713
-146.554400 -81.887990 -85.690977 -75.339536
-146.509800 -82.072680 -85.657081 -75.422824
-146.481300 -82.147900 -85.627367 -75.492050
-146.467500 -82.144490 -85.595855 -75.561626
-146.474300 -82.148460 -85.603911 -75.564388
-146.483700 -82.145920 -85.607009 -75.574174
-146.487400 -82.144780 -85.648504 -75.515925
-146.492900 -82.150980 -85.657244 -75.512192
-146.495200 -82.155360 -85.681356 -75.486125
-146.494300 -82.156570 -85.704452 -75.460804
-146.487800 -82.148430 -85.715671 -75.455367
-146.487300 -82.140910 -85.710770 -75.477507
-146.486500 -82.135050 -85.715203 -75.481442
-146.488100 -82.132520 -85.710712 -75.502672
-146.489000 -82.133460 -85.710901 -75.516273
-146.484700 -82.133480 -85.715980 -75.527147
-146.484900 -82.133510 -85.726132 -75.524638
-146.480100 -82.133670 -85.728283 -75.538276
-146.472100 -82.131890 -85.750137 -75.519297
-146.477500 -82.133220 -85.801022 -75.443091
-146.525000 -82.162010 -85.852459 -75.362548
-146.565900 -82.217300 -85.900001 -75.289890
-146.590600 -82.310130 -85.899103 -75.301308
-146.581800 -82.426170 -85.867854 -75.342258
-146.551800 -82.574220 -85.683823 -75.586046
-146.475900 -82.778480 -85.332087 -76.023011
-146.351300 -83.116710 -84.838193 -76.562844
-146.156300 -83.574440 -84.371125 -76.964745
-145.879500 -84.106160 -83.830607 -77.345109
-145.491300 -84.682600 -83.177928 -77.703579
-144.895700 -85.318510 -82.385236 -78.004095
-144.077500 -86.065360 -81.315522 -78.266013
-142.947400 -86.840620 -80.082938 -78.386086
-141.509200 -87.543350 -78.689510 -78.310612
-139.798500 -88.087580 -76.954658 -77.966539
-137.828100 -88.433330 -75.151335 -77.333887
-135.614800 -88.607530 -73.054468 -76.393379
-133.180100 -88.696560 -70.794821 -75.227872
-130.552000 -88.680490 -68.396059 -73.938160
-127.723900 -88.575690 -65.817965 -72.541580
-124.683500 -88.464330 -63.124634 -71.075110
-121.460200 -88.294280 -60.203470 -69.485454
-118.086600 -88.040550 -57.339328 -67.923258
-114.579400 -87.745070 -54.303542 -66.262334
-110.975100 -87.438680 -51.069765 -64.489640
-107.385700 -87.146760 -48.042803 -62.823903
-103.821100 -86.859660 -44.881951 -61.074841
-100.261700 -86.572000 -41.762402 -59.347956
-96.736140 -86.293870 -38.549279 -57.571355
-93.228880 -86.017520 -35.304017 -55.776775
-89.760830 -85.757500 -32.325427 -54.129024
-86.314280 -85.511300 -29.285486 -52.439774
-82.904810 -85.266650 -26.203934 -50.714170
-79.525840 -84.982830 -23.136345 -48.971490
-76.174850 -84.684980 -20.048729 -47.193476
-72.849640 -84.375480 -17.021112 -45.444255
-69.556400 -84.051650 -14.046505 -43.727890
-66.269780 -83.744240 -11.335280 -42.179197
-62.988460 -83.463860 -8.417356 -40.530617
-59.725320 -83.192290 -5.409918 -38.836628
-56.511930 -82.928720 -2.439866 -37.166905
-53.287950 -82.677770 0.327539 -35.619463
-50.102380 -82.423820 3.495663 -33.858547
-46.961330 -82.161740 6.391333 -32.253636
-43.795000 -81.913070 9.269770 -30.663585
-40.605850 -81.669580 12.100141 -29.100818
-37.446990 -81.429200 14.893761 -27.559588
-34.324130 -81.178460 17.506901 -26.116193
-31.234230 -80.938930 20.324262 -24.558930
-28.164850 -80.719500 23.030371 -23.062395
-25.130870 -80.512870 25.746053 -21.557817
-22.128140 -80.313820 28.453941 -20.055200
-19.203440 -80.118030 31.112240 -18.578751
-16.439970 -79.929640 33.658752 -17.155643
-13.862420 -79.730950 35.915424 -15.886541
-11.471000 -79.505250 38.015783 -14.677023
-9.267307 -79.258710 39.991506 -13.498458
-7.272311 -78.940490 41.711163 -12.400309
-5.472914 -78.549550 43.376049 -11.176795
-3.867830 -78.086270 44.646962 -10.034854
-2.385605 -77.503960 45.494152 -9.084264
-1.027851 -76.800120 45.957643 -8.338325
0.166806 -75.911920 46.425035 -7.305090
1.182030 -74.883010 46.730793 -6.180101
1.977241 -73.709730 46.870979 -4.915761
2.625592 -72.432540 46.825230 -3.580169
3.046312 -71.053430 46.577330 -2.225606
3.332790 -69.610070 46.228826 -1.101852
3.505748 -68.096830 45.672388 0.351684
3.623078 -66.505600 44.939493 1.919605
3.673887 -64.790020 44.108595 3.505518
3.664022 -62.925430 43.201458 5.072461
3.591227 -60.915700 42.145058 6.769988
3.485568 -58.760380 40.796521 8.879270
3.375737 -56.493750 39.581306 10.709920
3.243097 -54.203520 38.149213 12.844109
3.069795 -51.907210 36.832538 14.766813
2.871709 -49.612280 35.313547 16.941718
2.690256 -47.318710 33.872307 18.984996
2.514617 -45.039680 32.329307 21.155701
2.336487 -42.787040 31.029320 22.966515
2.176053 -40.574230 29.653325 24.865667
2.023801 -38.441270 28.220275 26.856245
1.895520 -36.414710 26.962635 28.603746
1.766675 -34.458180 25.720224 30.334058
1.645582 -32.544470 24.548435 31.959050
1.524724 -30.674470 23.351617 33.618121
1.412389 -28.840280 22.452755 34.870942
1.305986 -27.028700 21.503234 36.206685
1.191105 -25.239530 20.318759 37.878601
1.067365 -23.476920 18.895073 39.870467
0.934574 -21.765460 17.506127 41.790754
0.802905 -20.140230 16.135894 43.670334
0.699503 -18.615910 14.738025 45.594618
0.601767 -17.196320 13.270780 47.607497
0.507341 -15.885810 11.647169 49.828536
0.417035 -14.726660 10.308321 51.669797
0.351258 -13.760620 9.009045 53.473490
0.299516 -12.930350 7.653122 55.361589
0.263868 -12.153000 6.660535 56.759050
0.238575 -11.391050 6.081365 57.574109
0.198165 -10.644890 5.518210 58.350325
0.151201 -9.907869 5.083076 58.911040
0.091011 -9.183499 4.774153 59.292099
0.016860 -8.476707 4.316703 59.868390
-0.070862 -7.778389 3.956415 60.311319
-0.158415 -7.094030 3.615366 60.738757
-0.234301 -6.412690 3.232905 61.222223
-0.307917 -5.742297 2.978813 61.547431
-0.360353 -5.068979 2.619525 62.003251
-0.401589 -4.328040 2.152197 62.608116
-0.431289 -3.483170 1.729872 63.163760
-0.464543 -2.555900 1.215304 63.843912
-0.487938 -1.556277 0.629250 64.641125
-0.499710 -0.485171 0.059867 65.430300
-0.511556 0.679747 -0.430573 66.109253
-0.388368 1.890361 -1.037859 66.981128
-0.387786 3.050660 -1.666104 67.756365
-0.473375 4.175334 -2.346063 68.545136
-0.669462 5.262875 -3.108510 69.340001
-0.929674 6.291946 -3.880832 70.014425
-1.229340 7.289411 -4.392919 70.447780
-1.438607 8.249384 -4.781138 70.825145
-1.565470 8.946937 -4.942276 70.999799
-1.615795 9.324632 -5.022089 71.092508
-1.635852 9.404838 -5.179021 71.255199
-1.640332 9.376167 -5.243983 71.333478
-1.643540 9.371050 -5.257786 71.363755
