0.000000 -0.000000 -0.000000 0.000000
0.020455 2.389887 -0.004340 2.556402
0.038167 4.630767 -0.005333 4.806772
0.062475 6.584575 0.001340 6.674418
0.078062 8.294502 0.012556 8.468644
0.036300 9.647129 0.039218 9.550202
0.037691 10.755690 0.069335 10.338070
0.070396 11.572020 0.100920 10.919044
0.096690 12.008000 0.126478 11.249229
0.124405 12.280970 0.146800 11.361331
0.106056 12.366960 0.167742 11.485620
0.125276 12.480720 0.189293 11.601296
0.156946 12.590120 0.209175 11.724145
0.151509 12.702880 0.226884 11.822176
0.146149 12.836600 0.244816 11.937330
0.118103 12.986600 0.262694 12.170954
0.046011 13.251830 0.233507 12.638240
-0.102743 13.662450 0.133248 13.345206
-0.377391 14.237180 -0.060781 14.094090
-0.803739 14.918100 -0.419019 15.014285
-1.393517 15.599510 -1.012872 16.038951
-2.183640 16.257910 -1.761286 16.942265
-3.168635 16.891620 -2.720328 17.789494
-4.410526 17.491970 -3.997228 18.598781
-5.887262 17.957870 -5.293837 19.105356
-7.603442 18.241840 -6.725463 19.387818
-9.593783 18.333530 -8.592885 19.545817
-11.737930 18.262400 -10.650020 19.587567
-14.123570 18.137210 -12.770320 19.539674
-16.660080 18.043560 -15.011954 19.411603
-19.380350 17.941480 -17.682263 19.240021
-22.232040 17.791200 -20.551789 19.026929
-25.294530 17.612590 -23.486832 18.755721
-28.420350 17.436630 -26.784693 18.416727
-31.735350 17.259230 -30.334475 18.020720
-35.061830 17.012340 -33.925824 17.579015
-38.405680 16.701380 -37.490010 17.101938
-41.726310 16.376210 -41.048948 16.616320
-45.021050 16.012440 -44.519099 16.137720
-48.346970 15.612790 -47.799915 15.688879
-51.676860 15.192430 -51.295227 15.224541
-55.031060 14.742560 -54.695935 14.797000
-58.401830 14.329930 -58.235167 14.397300
-61.829840 14.034770 -61.786095 14.042788
-65.245090 13.824430 -65.251026 13.718528
-68.803470 13.628730 -68.759670 13.394906
-72.396330 13.444870 -72.136721 13.091255
-76.040760 13.365020 -75.761822 12.771910
-79.629870 13.286290 -79.234648 12.470784
-83.178040 13.172320 -82.814746 12.166432
-86.806450 13.116270 -86.413860 11.865938
-90.407370 13.030230 -90.076805 11.566348
-93.932750 12.938240 -93.652671 11.288447
-97.425940 12.830290 -97.181955 11.016960
-100.921800 12.721040 -100.498205 10.762960
-104.418700 12.646790 -104.176832 10.483758
-107.950700 12.574710 -107.797962 10.210982
-111.506500 12.491980 -111.488828 9.936305
-115.125400 12.427530 -115.142838 9.670175
-118.791400 12.356860 -118.906882 9.397790
-122.506900 12.277580 -122.823629 9.113105
-126.283000 12.162340 -126.723770 8.826214
-130.058300 12.056810 -130.537137 8.543444
-133.838200 11.940140 -134.325457 8.264582
-137.647000 11.763370 -138.248258 7.983947
-141.424200 11.624670 -142.054471 7.720075
-145.185900 11.523690 -145.891311 7.465170
-148.919300 11.449460 -149.651305 7.231776
-152.638200 11.381770 -153.496703 6.998921
-156.350400 11.310530 -157.199838 6.774219
-160.047400 11.214060 -160.887887 6.544236
-163.709400 11.107560 -164.476579 6.315921
-167.360400 10.983380 -168.197122 6.076572
-170.967600 10.933720 -172.086301 5.824218
-174.571400 10.876820 -175.623155 5.591666
-178.137200 10.833080 -179.231496 5.357305
-181.490500 10.796130 -182.750987 5.130847
-184.602400 10.773720 -186.107114 4.916655
-187.458300 10.758840 -189.108180 4.728489
-190.232700 10.733900 -191.997731 4.549410
-192.986900 10.663320 -194.800705 4.373167
-195.706100 10.585910 -197.324815 4.206880
-198.416300 10.495740 -200.033136 4.026139
-201.152700 10.412030 -202.849705 3.838538
-203.946700 10.341460 -205.614679 3.661351
-206.802300 10.298350 -208.592926 3.468911
-209.757100 10.317680 -211.565368 3.276440
-212.804800 10.361070 -214.659752 3.078305
-215.930200 10.396430 -217.975853 2.867068
-219.012900 10.360590 -221.341934 2.653211
-222.155100 10.298380 -224.468446 2.454048
-225.365500 10.246810 -227.661347 2.248214
-228.707300 10.215510 -231.118573 2.027854
-232.112300 10.220950 -234.638909 1.816574
-235.564300 10.214940 -238.087589 1.603241
-239.104300 10.217730 -241.759933 1.358922
-242.702700 10.183390 -245.528960 1.095443
-246.347300 10.130220 -249.354704 0.826719
-250.052800 10.036800 -252.942866 0.575083
-253.773800 9.880518 -256.587056 0.324057
-257.535100 9.718989 -260.401504 0.067730
-261.300500 9.591512 -264.215985 -0.186805
-265.059000 9.459547 -268.112952 -0.443501
-268.826900 9.337703 -272.180765 -0.707868
-272.549600 9.176257 -276.028715 -0.955818
-276.263700 8.976101 -279.833680 -1.203785
-279.947200 8.832825 -283.619442 -1.448731
-283.650400 8.715404 -287.452439 -1.696045
-287.322900 8.610515 -291.139217 -1.931976
-290.988400 8.505150 -294.817332 -2.168511
-294.654700 8.394904 -298.573952 -2.412976
-298.320400 8.294475 -302.407947 -2.664081
-302.013000 8.169718 -306.231614 -2.915306
-305.746200 8.074212 -310.021599 -3.164769
-309.494500 7.982975 -313.933367 -3.422963
-313.220200 7.863686 -317.806540 -3.681522
-316.989500 7.782544 -321.417205 -3.926330
-320.754000 7.679468 -325.255496 -4.187316
-324.529500 7.563218 -328.982460 -4.435965
-328.344000 7.456111 -332.594023 -4.669254
-332.109700 7.347334 -336.167877 -4.895174
-335.860100 7.242255 -339.827415 -5.121353
-339.608800 7.147781 -343.130629 -5.315070
-343.309300 7.053936 -346.466465 -5.491589
-346.907500 6.957315 -349.986884 -5.669742
-350.384600 6.860419 -353.666221 -5.855918
-353.708400 6.768393 -357.020661 -6.027363
-356.877800 6.663296 -360.176362 -6.186558
-360.001200 6.552425 -363.304918 -6.336473
-363.041000 6.435692 -366.180775 -6.464223
-365.855800 6.345080 -368.987893 -6.569180
-368.437600 6.307072 -371.544467 -6.570791
-370.781400 6.383962 -373.884352 -6.444712
-372.865900 6.648568 -375.890496 -6.165783
-374.725000 7.109350 -377.796069 -5.680331
-376.363200 7.741893 -379.502174 -4.986582
-377.862400 8.633829 -380.767607 -4.188570
-379.196300 9.712570 -381.939344 -3.152681
-380.348700 10.965970 -382.912382 -1.979695
-381.385700 12.448140 -383.735089 -0.615077
-382.260100 14.122720 -384.359503 0.866182
-383.010800 15.994530 -385.016850 2.921731
-383.610300 18.057930 -385.456797 5.080729
-384.100300 20.314520 -385.805899 7.489996
-384.497100 22.748260 -386.018107 10.089620
-384.776600 25.364410 -386.114346 12.916752
-384.988900 28.128190 -386.113799 16.014867
-385.212700 31.086220 -386.045993 18.852600
-385.449300 34.192050 -385.946865 21.710368
-385.780600 37.315730 -385.829382 24.638479
-386.061000 40.426600 -385.694484 27.643549
-386.229000 43.492690 -385.544487 30.594929
-386.309000 46.518630 -385.376113 33.528933
-386.383200 49.505740 -385.187021 36.300841
-386.435500 52.415800 -384.949818 39.240751
-386.493200 55.225360 -384.693896 42.183175
-386.554400 57.943820 -384.427596 45.108784
-386.610300 60.578530 -384.153258 47.659063
-386.585600 63.079020 -383.793786 49.981386
-386.370900 65.433820 -383.300112 52.333458
-385.914800 67.648300 -382.670659 54.581405
-385.249200 69.694860 -381.943827 56.362911
-384.335100 71.573620 -381.083789 57.901147
-383.335600 73.255020 -380.041681 59.331455
-382.295300 74.818880 -378.816038 60.561114
-381.091700 76.191700 -377.451889 61.535372
-379.774700 77.364460 -375.953113 62.278118
-378.271000 78.251970 -374.425346 62.737631
-376.573900 78.987050 -372.983753 62.990277
-374.728100 79.537850 -371.241881 63.125640
-372.739900 79.941840 -369.444002 63.099132
-370.607000 80.199980 -367.553980 62.939242
-368.370300 80.415580 -365.312670 62.656987
-366.032000 80.571350 -363.029776 62.284234
-363.598400 80.673300 -360.666770 61.849056
-361.071700 80.716320 -358.186932 61.355878
-358.469900 80.705850 -355.645094 60.837725
-355.832800 80.638300 -353.102744 60.318566
-353.161000 80.553900 -350.585346 59.811574
-350.450100 80.465550 -347.985810 59.306216
-347.763100 80.398460 -345.489112 58.840813
-345.086900 80.370740 -343.005833 58.405674
-342.417400 80.402970 -340.385493 57.973088
-339.774100 80.483360 -337.846267 57.571040
-337.139800 80.575110 -335.317449 57.196665
-334.528900 80.693480 -332.690320 56.816253
-331.932700 80.824510 -329.815395 56.408543
-329.325200 80.918500 -327.052440 56.025664
-326.739100 80.990700 -324.589731 55.689433
-324.144100 81.038770 -321.943985 55.346915
-321.562300 81.091140 -319.201989 55.022912
-319.011600 81.190070 -316.329274 54.717611
-316.450900 81.308090 -313.482491 54.432061
-313.909200 81.444650 -310.692939 54.168409
-311.391900 81.580060 -307.931306 53.926017
-308.876400 81.706970 -305.194710 53.692296
-306.378900 81.849250 -302.617908 53.469445
-303.888700 81.994400 -300.048863 53.244988
-301.376300 82.158190 -297.219984 53.000473
-298.832900 82.325730 -294.428702 52.760205
-296.237900 82.504140 -291.581942 52.512394
-293.590400 82.683410 -288.802814 52.252822
-290.876600 82.853340 -286.097064 51.976977
-288.120000 82.987710 -283.204967 51.652734
-285.314700 83.062010 -280.205700 51.289937
-282.460400 83.089330 -277.291761 50.911048
-279.611400 83.105040 -274.292832 50.495149
-276.801100 83.107970 -271.396689 50.086665
-274.051500 83.099890 -268.504692 49.679255
-271.353100 83.054870 -265.677816 49.287038
-268.676800 82.970950 -262.800845 48.896588
-266.029200 82.903900 -259.977624 48.532694
-263.418800 82.873250 -257.306228 48.218354
-260.804200 82.903330 -254.567858 47.937033
-258.168800 82.990410 -252.016448 47.716137
-255.510500 83.145560 -249.236772 47.517685
-252.844700 83.373830 -246.654750 47.335124
-250.152200 83.637690 -244.039264 47.150869
-247.440300 83.910960 -241.323301 46.961143
-244.714300 84.178610 -238.689402 46.770619
-242.002000 84.383000 -236.170711 46.553388
-239.314700 84.514710 -233.639161 46.287221
-236.657500 84.567850 -230.912977 45.979765
-234.029000 84.526210 -228.173489 45.619031
-231.443300 84.405890 -225.549762 45.253190
-228.920700 84.255810 -223.108142 44.873639
-226.536800 84.105460 -220.657657 44.467764
-224.322600 83.973260 -218.303474 44.061907
-222.317800 83.852920 -216.198333 43.688533
-220.525500 83.748690 -214.366041 43.368577
-218.913500 83.654780 -212.804781 43.143480
-217.491400 83.614870 -210.855003 42.887006
-216.200400 83.663530 -209.677821 42.826512
-214.975300 83.890580 -208.276193 42.881262
-213.812900 84.303130 -207.106662 43.106502
-212.768400 84.851980 -206.193189 43.430217
-211.819400 85.505150 -205.405015 43.849014
-210.944500 86.249430 -204.583136 44.438825
-210.114900 87.190980 -203.713987 45.284628
-209.375900 88.379450 -202.864117 46.380000
-208.685500 89.786110 -201.978631 47.853779
-208.120100 91.447000 -201.175993 49.621033
-207.636800 93.318040 -200.623660 51.422590
-207.343700 95.377570 -200.238807 53.476579
-207.198500 97.677330 -200.000269 55.697686
-207.176800 100.117600 -199.890720 58.073001
-207.235900 102.732400 -199.833310 60.499125
-207.357900 105.495500 -199.780300 63.515623
-207.446900 108.321400 -199.734306 66.427677
-207.501200 111.206800 -199.693083 69.417304
-207.496800 114.153500 -199.664972 72.326549
-207.467000 117.040300 -199.651542 75.179741
-207.357100 119.818100 -199.653367 78.203241
-207.231600 122.580500 -199.662997 81.465490
-207.169600 125.360700 -199.684999 84.276965
-207.151600 128.086900 -199.725097 86.925842
-207.158900 130.676600 -199.787473 89.740688
-207.192200 133.099300 -199.876574 92.350959
-207.257200 135.311800 -200.007620 94.456533
-207.357800 137.293400 -200.189598 96.434063
-207.516000 139.039300 -200.447403 98.152325
-207.792700 140.624300 -200.806867 99.703613
-208.199400 142.155800 -201.323680 101.230895
-208.796100 143.591400 -202.037576 102.685124
-209.578000 144.906500 -202.965236 104.082710
-210.509400 146.123000 -204.033580 105.274782
-211.640600 147.221600 -205.171371 106.194128
-212.986500 148.243400 -206.412766 106.886173
-214.560800 149.101800 -207.910100 107.462682
-216.375500 149.752000 -209.616812 107.877517
-218.364200 150.183000 -211.302712 108.060822
-220.495700 150.431900 -213.043596 108.097888
-222.758400 150.560900 -215.227943 108.011993
-225.125500 150.643600 -217.781741 107.900358
-227.596900 150.727300 -220.343541 107.765384
-230.175200 150.835400 -223.123298 107.602070
-232.870900 150.954400 -225.841233 107.427345
-235.686400 151.084500 -228.530337 107.223966
-238.634600 151.219200 -231.756051 106.953781
-241.714000 151.324200 -234.674065 106.669782
-244.893500 151.370200 -237.507515 106.334442
-248.152800 151.340800 -240.576144 105.940380
-251.386800 151.245500 -243.800675 105.500544
-254.628800 151.083900 -246.482372 105.080617
-257.855100 150.860900 -249.575670 104.534651
-260.989500 150.595900 -252.657297 103.949855
-263.979600 150.335600 -255.759028 103.348696
-266.766600 150.087700 -258.423045 102.826915
-269.368500 149.866200 -261.017563 102.319053
-271.910000 149.696000 -263.638397 101.809099
-274.432000 149.547300 -266.329313 101.293077
-276.917800 149.419800 -268.867781 100.812884
-279.393400 149.337600 -271.394824 100.333744
-281.842600 149.284100 -273.933702 99.853827
-284.327000 149.245300 -276.339968 99.396704
-286.851400 149.215900 -278.831345 98.918510
-289.374600 149.175400 -281.588952 98.382303
-291.872700 149.113700 -284.201100 97.868298
-294.367000 149.035300 -287.165156 97.282586
-296.900400 148.946800 -289.968932 96.732161
-299.496800 148.857900 -292.703996 96.207235
-302.152700 148.763000 -295.243475 95.724905
-304.894400 148.662700 -297.837278 95.233198
-307.698800 148.565200 -300.503564 94.726403
-310.542800 148.472300 -303.409904 94.172913
-313.401900 148.388500 -306.316817 93.617235
-316.253600 148.309200 -309.196910 93.073093
-319.087100 148.246300 -311.917650 92.571831
-321.874200 148.159600 -314.841677 92.030694
-324.643500 148.080700 -317.628075 91.511156
-327.380000 148.017900 -320.359294 90.993303
-330.084600 147.943700 -323.079869 90.466570
-332.768800 147.879400 -325.937371 89.902889
-335.339000 147.849200 -328.484805 89.385362
-337.917500 147.821400 -331.118562 88.844174
-340.461700 147.771400 -333.746871 88.300972
-342.975500 147.703700 -336.320558 87.768414
-345.507800 147.596800 -338.950625 87.224971
-348.088400 147.502000 -341.539782 86.689483
-350.695500 147.387300 -344.363266 86.108506
-353.357500 147.254200 -347.121056 85.547609
-356.035100 147.123000 -349.836129 84.997366
-358.706400 146.987600 -352.418701 84.476880
-361.365400 146.869000 -355.092320 83.938960
-363.998800 146.747300 -357.555390 83.453123
-366.592400 146.651500 -360.220347 82.948781
-369.103200 146.586000 -362.712504 82.506048
-371.498800 146.552500 -364.957830 82.134293
-373.734100 146.569400 -367.068703 81.832026
-375.766000 146.687900 -368.957034 81.654742
-377.587800 146.923500 -370.812535 81.589497
-379.228200 147.254000 -372.444843 81.625016
-380.680100 147.681500 -374.000193 81.819844
-381.983900 148.240600 -375.065761 82.138925
-383.189300 148.967100 -376.103174 82.606980
-384.260600 149.832600 -377.140418 83.232324
-385.261700 150.822900 -378.090424 83.980489
-386.189600 152.026900 -379.089119 84.953164
-387.088300 153.508400 -380.071966 86.182288
-387.803500 155.255200 -380.887522 87.587923
-388.328200 157.227600 -381.729359 89.445035
-388.690100 159.390500 -382.398372 91.408679
-388.914300 161.727400 -382.973742 93.529486
-389.033800 164.223600 -383.534966 95.981525
-389.107700 166.899500 -384.012305 98.490312
-389.177200 169.703100 -384.558334 101.484730
-389.249200 172.602600 -385.052258 104.308829
-389.294800 175.566200 -385.550969 107.183339
-389.340400 178.518800 -386.046903 110.036290
-389.408400 181.466200 -386.527154 112.797340
-389.477100 184.395100 -387.026330 115.666557
-389.534000 187.303900 -387.496925 118.404938
-389.596100 190.151400 -387.935744 121.023754
-389.650400 192.868100 -388.346917 123.552971
-389.688600 195.381200 -388.697159 125.858391
-389.706500 197.729300 -388.953334 128.009388
-389.637200 199.881000 -389.071499 130.048399
-389.406500 201.894300 -388.989423 131.958997
-388.964400 203.824800 -388.645998 133.930508
-388.237500 205.641900 -388.002375 135.887816
-387.225600 207.247400 -387.092149 137.646725
-385.985200 208.725400 -385.996003 139.091200
-384.487500 210.025200 -384.546320 140.473396
-382.766900 211.133700 -382.766931 141.690265
-380.848000 212.024300 -380.784953 142.698473
-378.741200 212.710800 -378.514982 143.563152
-376.473400 213.257300 -376.090382 144.275996
-374.038800 213.683400 -373.554890 144.858262
-371.458500 214.025200 -370.925487 145.325382
-368.731200 214.304000 -368.246383 145.684143
-365.907000 214.548400 -365.573198 145.978413
-362.986400 214.774600 -362.567372 146.288844
-360.000500 214.982500 -359.530771 146.557970
-356.946700 215.144300 -356.562009 146.779363
-353.844800 215.269100 -353.546840 146.972066
-350.728200 215.343800 -350.249646 147.152868
-347.621800 215.396600 -346.924891 147.327036
-344.503600 215.436100 -343.633168 147.483189
-341.404500 215.431500 -340.454980 147.597386
-338.307200 215.374700 -337.212016 147.679346
-335.222900 215.258300 -334.049657 147.735954
-332.176900 215.090700 -331.224432 147.766204
-329.113900 214.919400 -328.256416 147.806534
-326.083300 214.755000 -325.144747 147.852245
-323.035500 214.645100 -322.076526 147.918362
-319.997700 214.594500 -318.732869 148.020758
-316.949800 214.613400 -315.413331 148.176067
-313.894600 214.701700 -312.213326 148.387793
-310.834000 214.851800 -308.975026 148.641677
-307.768800 215.021500 -305.836312 148.915153
-304.682000 215.209600 -302.681009 149.208140
-301.619300 215.403400 -299.933531 149.472636
-298.564100 215.602100 -297.049930 149.756975
-295.523500 215.774500 -294.150712 150.046607
-292.524500 215.925700 -291.407183 150.321703
-289.569200 216.080100 -288.514276 150.616381
-286.686000 216.208000 -285.432463 150.924948
-283.844300 216.320800 -282.564309 151.200619
-281.075400 216.414900 -279.866614 151.449134
-278.384800 216.482400 -277.110332 151.693721
-275.749900 216.524700 -274.311363 151.933809
-273.211000 216.563500 -271.862199 152.139026
-270.786900 216.596800 -269.506335 152.337310
-268.452200 216.627400 -267.100341 152.541433
-266.210100 216.670200 -264.630702 152.748339
-264.057900 216.715000 -262.514826 152.925227
-261.977600 216.758700 -260.671281 153.084930
-260.009300 216.805500 -258.622546 153.268411
-258.118000 216.846900 -256.586180 153.457684
-256.324100 216.892100 -254.708729 153.642156
-254.591600 216.937100 -253.440272 153.765679
-252.914000 216.968800 -252.126636 153.887672
-251.261500 217.002300 -250.794666 154.003045
-249.623300 217.030600 -249.665047 154.099597
-248.000000 217.075100 -248.160677 154.227873
-246.394700 217.123600 -246.958953 154.333989
-244.798500 217.177700 -245.803320 154.441881
-243.238500 217.242300 -244.136380 154.600028
-241.697700 217.301200 -242.757498 154.734135
-240.159500 217.379600 -241.345168 154.867258
-238.623700 217.447500 -239.840556 155.004301
-237.098100 217.517700 -238.096697 155.160550
-235.568700 217.578300 -236.898237 155.252251
-234.013600 217.632400 -235.725701 155.333096
-232.429300 217.675500 -234.323848 155.422187
-230.825000 217.709000 -232.561689 155.527729
-229.213500 217.727400 -230.813627 155.617204
-227.620200 217.743200 -229.228692 155.677558
-226.038600 217.749200 -227.695377 155.729759
-224.474500 217.720600 -226.161891 155.768924
-222.943700 217.646400 -224.924503 155.748695
-221.517500 217.497700 -223.773011 155.678858
-220.196400 217.264300 -222.823960 155.541963
-219.015400 216.979300 -221.951298 155.343949
-218.000600 216.671300 -221.153905 155.098416
-217.074300 216.316400 -220.458127 154.818890
-216.224900 215.882000 -219.720932 154.438209
-215.453800 215.357600 -219.096878 154.010434
-214.757400 214.782900 -218.418824 153.423645
-214.077200 214.065600 -217.729524 152.646226
-213.459700 213.182900 -217.100780 151.674599
-212.907500 212.086400 -216.588461 150.523242
-212.452200 210.870600 -216.232314 149.272735
-212.114300 209.456600 -216.004266 147.886007
-211.858500 207.837000 -215.886874 146.150280
-211.742000 206.028400 -215.917453 144.330293
-211.736300 204.033600 -216.072346 142.234912
-211.766900 201.873300 -216.312953 139.984303
-211.796200 199.533500 -216.560116 137.612594
-211.786800 197.027400 -216.846106 134.956123
-211.759900 194.373900 -217.092552 132.342014
-211.697900 191.633600 -217.330357 129.606582
-211.626700 188.816000 -217.573150 126.713587
-211.537000 185.992200 -217.793023 123.827846
-211.444400 183.173400 -218.007734 120.870218
-211.362800 180.374100 -218.203019 118.013550
-211.264700 177.600300 -218.388620 115.137865
-211.172000 174.834700 -218.569253 112.321141
-211.067900 172.132300 -218.742585 109.624239
-210.942500 169.548500 -218.922789 106.749397
-210.807500 167.115600 -219.111698 103.639108
-210.677900 164.891300 -219.229848 101.591283
-210.523800 162.831600 -219.329526 99.695076
-210.369300 160.883900 -219.420268 97.742986
-210.243400 159.140700 -219.518610 95.703456
-210.180400 157.654800 -219.616505 93.890203
-210.119700 156.263000 -219.699250 92.040935
-210.059800 154.892900 -219.736869 90.226519
-209.978700 153.571000 -219.720125 88.922452
-209.891700 152.272500 -219.665966 87.465614
-209.766700 150.900300 -219.577216 86.127870
-209.618400 149.453900 -219.470015 84.760070
-209.402000 147.911800 -219.365841 83.412661
-209.174500 146.248000 -219.241721 81.778314
-208.939400 144.453000 -219.122195 80.009510
-208.714900 142.497200 -219.011717 78.065692
-208.503800 140.403200 -218.940823 75.960987
-208.393000 138.150900 -218.998721 73.895097
-208.389600 135.751000 -219.192161 71.776184
-208.458300 133.190500 -219.506508 68.943411
-208.554900 130.503800 -219.821664 66.159058
-208.679600 127.708900 -220.158659 63.382271
-208.807700 124.788300 -220.544375 60.327624
-208.927800 121.786000 -220.910961 57.332967
-208.986400 118.770600 -221.271302 54.333025
-209.010800 115.753900 -221.627040 51.319695
-208.944000 112.761900 -221.965363 48.242649
-208.836500 109.809100 -222.279447 45.225909
-208.710600 106.913800 -222.575089 42.300603
-208.612900 104.164800 -222.846200 39.517136
-208.524100 101.612900 -223.069534 37.030993
-208.411800 99.291950 -223.252695 34.755870
-208.304000 97.231400 -223.399509 32.886180
-208.239900 95.441440 -223.520923 31.311567
-208.186600 93.928990 -223.603953 29.889187
-208.169400 92.620100 -223.674088 28.537299
-208.111400 91.359060 -223.729004 27.222394
-208.103700 90.108060 -223.773096 25.908999
-208.057300 88.899050 -223.786956 24.859520
-207.989700 87.686220 -223.781337 23.637090
-207.887500 86.424840 -223.752702 22.456132
-207.749700 85.106480 -223.688192 21.208311
-207.573400 83.679430 -223.594774 19.918627
-207.363800 82.128210 -223.444592 18.228210
-207.117800 80.466750 -223.268746 16.505788
-206.886600 78.657990 -223.086519 14.790975
-206.653200 76.721140 -222.908529 12.923242
-206.474300 74.687190 -222.758928 10.711037
-206.388100 72.537240 -222.727139 8.208855
-206.432200 70.298230 -222.819085 5.562169
-206.610100 68.000610 -223.018860 2.980931
-206.892700 65.622610 -223.241363 0.538178
-207.176400 63.145090 -223.425714 -1.813687
-207.411300 60.582530 -223.580171 -4.511424
-207.566400 57.936780 -223.660939 -7.137611
-207.647700 55.184560 -223.671324 -9.825478
-207.661500 52.385390 -223.620198 -12.745912
-207.621300 49.546410 -223.520434 -15.731611
-207.570900 46.730400 -223.388319 -18.688949
-207.528900 43.951520 -223.244737 -21.606107
-207.484900 41.207900 -223.096696 -24.402280
-207.419300 38.483860 -222.934367 -27.164326
-207.398300 35.859080 -222.773629 -29.825850
-207.389600 33.323530 -222.621303 -32.340242
-207.383600 30.928860 -222.461812 -34.738146
-207.365700 28.737950 -222.312306 -36.740809
-207.338200 26.780150 -222.168558 -38.519892
-207.272200 25.076160 -222.041563 -39.895214
-207.184900 23.637860 -221.893924 -41.299471
-207.080700 22.407050 -221.746313 -42.332578
-206.954300 21.322570 -221.610169 -43.073880
-206.781600 20.334400 -221.487054 -43.570242
-206.551700 19.436710 -221.331066 -44.084192
-206.294700 18.614920 -221.076948 -44.762001
-205.959400 17.852300 -220.743920 -45.468099
-205.601700 17.147840 -220.341834 -46.170088
-205.183200 16.499570 -219.919128 -46.747893
-204.640200 15.834340 -219.434514 -47.280354
-203.962000 15.126390 -218.811910 -47.848974
-203.105900 14.402300 -218.078696 -48.383648
-202.093300 13.723770 -217.080295 -48.966870
-200.890700 13.072850 -215.929413 -49.476508
-199.454900 12.451120 -214.556470 -49.950283
-197.803000 11.847900 -213.129574 -50.345978
-195.985800 11.251230 -211.664743 -50.633312
-194.078300 10.799800 -210.025828 -50.800411
-192.241500 10.550030 -208.187081 -50.834166
-190.511600 10.492510 -206.421559 -50.729673
-188.774500 10.514750 -204.654017 -50.570984
-187.053000 10.530790 -202.953312 -50.365141
-185.316100 10.589790 -201.190695 -50.107887
-183.477200 10.672540 -199.190661 -49.793232
-181.518300 10.768400 -196.786713 -49.397874
-179.433500 10.895520 -194.574217 -49.003508
-177.234800 11.053010 -192.448519 -48.574869
-174.912900 11.228010 -190.013679 -48.071467
-172.453800 11.406500 -187.680064 -47.572221
-169.877600 11.633180 -185.479870 -47.055322
-167.172600 11.903480 -183.158429 -46.485220
-164.356100 12.241910 -180.704441 -45.864183
-161.414200 12.605270 -178.128251 -45.205834
-158.375100 12.957560 -175.211470 -44.458344
-155.289000 13.266400 -172.142289 -43.715234
-152.153500 13.477190 -169.048992 -43.001594
-148.978900 13.534370 -166.027944 -42.422225
-145.756200 13.449460 -162.813636 -41.924224
-142.513300 13.323960 -159.377198 -41.418906
-139.219200 13.264090 -156.234417 -40.975713
-135.871600 13.235180 -152.657011 -40.461256
-132.469300 13.237950 -149.272488 -39.962386
-128.998700 13.250220 -145.740872 -39.440187
-125.452300 13.247970 -142.227039 -38.917738
-121.821900 13.224230 -138.782062 -38.376395
-118.142800 13.197060 -135.426805 -37.850239
-114.366200 13.195450 -131.691818 -37.277685
-110.549500 13.202980 -127.809002 -36.688349
-106.721100 13.234960 -124.024668 -36.111553
-102.856200 13.237720 -120.367511 -35.544577
-99.051970 13.344340 -116.463208 -34.926687
-95.237560 13.444760 -112.771857 -34.332700
-91.419640 13.530140 -109.500956 -33.804145
-87.619070 13.674300 -105.718264 -33.185412
-83.825400 13.812150 -101.982057 -32.567097
-80.045030 13.941190 -98.258703 -31.946830
-76.262920 14.064210 -94.474637 -31.312710
-72.527230 14.169690 -91.142935 -30.751551
-68.760100 14.314940 -87.620000 -30.155409
-65.041990 14.448290 -84.137342 -29.569107
-61.409550 14.597510 -80.804438 -29.011192
-57.812780 14.752930 -77.580843 -28.458901
-54.272080 14.916680 -73.990020 -27.838242
-50.863180 15.111690 -70.483234 -27.229166
-47.456920 15.288970 -67.017776 -26.617618
-44.095940 15.453870 -63.585376 -26.003292
-40.863370 15.611510 -60.449174 -25.434207
-37.779270 15.768930 -57.397849 -24.873255
-34.878460 16.001620 -54.300083 -24.296677
-32.108550 16.224310 -51.580087 -23.797754
-29.417700 16.336670 -48.641057 -23.259435
-26.864830 16.377370 -46.240640 -22.829668
-24.569330 16.453910 -43.834503 -22.416834
-22.495940 16.503070 -41.417497 -22.014446
-20.581990 16.519710 -39.859181 -21.745706
-18.846180 16.508190 -38.161655 -21.447624
-17.328990 16.482300 -36.811273 -21.204646
-16.037550 16.475470 -35.649768 -20.990317
-14.956120 16.515220 -34.477248 -20.739438
-14.017770 16.603920 -33.739123 -20.504671
-13.125570 16.745940 -33.046265 -20.195020
-12.277220 17.018620 -32.323522 -19.752205
-11.518690 17.387820 -31.563532 -19.153617
-10.793900 17.853110 -30.887152 -18.445962
-10.023690 18.451760 -30.320295 -17.663010
-9.266871 19.249950 -29.814408 -16.691806
-8.499983 20.230260 -29.434266 -15.610556
-7.714471 21.448790 -29.152812 -14.339359
-6.943853 22.899830 -28.976904 -12.816953
-6.209422 24.630930 -28.949379 -10.953568
-5.580618 26.636760 -29.133963 -9.026796
-5.100718 28.938480 -29.540090 -6.695746
-4.832290 31.540330 -30.157324 -4.487313
-4.752808 34.327710 -30.943523 -2.266174
-4.799016 37.335070 -31.936642 0.378411
-4.911943 40.499490 -33.013733 3.247282
-5.090383 43.700800 -34.181017 6.360381
-5.276585 46.904120 -35.317288 9.396941
-5.464336 50.126700 -36.408657 12.309848
-5.701735 53.348430 -37.475329 15.144142
-5.926283 56.566760 -38.585882 18.096938
-6.149722 59.747560 -39.631576 20.872042
-6.326192 62.853260 -40.695692 23.689091
-6.450595 65.815280 -41.788528 26.579977
-6.558018 68.633220 -42.782240 29.229120
-6.625230 71.279560 -43.745153 31.805866
-6.655510 73.749780 -44.593759 34.064830
-6.684464 75.995110 -45.298151 35.949895
-6.652349 77.987890 -46.077413 38.093883
-6.508811 79.715010 -46.585792 39.771707
-6.213677 81.157890 -46.781734 41.066765
-5.729615 82.390460 -46.791623 42.348229
-5.161236 83.435200 -46.622937 43.525859
-4.542652 84.252870 -46.282034 44.647343
-3.866113 84.884560 -45.862353 45.485191
-3.262439 85.311720 -45.473646 46.064504
-2.779876 85.608160 -45.129203 46.499728
-2.292931 85.855430 -44.753385 46.893300
-1.737887 86.025210 -44.347761 47.262291
-1.127115 86.147390 -43.924356 47.582288
-0.518659 86.251250 -43.550990 47.812977
0.098283 86.354450 -43.116702 48.042603
0.701588 86.427350 -42.637678 48.278514
1.306431 86.494190 -42.156229 48.509521
1.881704 86.544440 -41.795849 48.648182
2.482048 86.571200 -41.386076 48.808144
3.081643 86.601540 -40.975765 48.966603
3.761151 86.625380 -40.508009 49.139285
4.619787 86.696990 -40.054077 49.310898
5.591334 86.770900 -39.599745 49.480978
6.608439 86.844400 -39.059712 49.681190
7.634023 86.901350 -38.395805 49.916069
8.711110 86.958450 -37.658063 50.170943
9.832777 87.009730 -36.992521 50.388334
11.007620 87.011520 -36.230667 50.616757
12.275390 86.965120 -35.302281 50.888594
13.626340 86.918150 -34.338809 51.152210
15.069990 86.825170 -33.045441 51.508686
16.615310 86.785220 -31.624093 51.921794
18.281790 86.877740 -30.000515 52.464377
20.047850 87.081990 -28.367599 53.057099
21.900640 87.285740 -26.550254 53.701022
23.863160 87.475150 -24.742556 54.330915
25.902040 87.591950 -22.861700 54.982549
28.010580 87.643840 -20.956252 55.639608
30.161670 87.666240 -19.040884 56.291306
32.320100 87.664230 -16.903231 57.011203
34.457590 87.659770 -14.712552 57.737058
36.605810 87.671870 -12.371997 58.510715
38.730770 87.693440 -9.988663 59.296067
40.845470 87.730240 -7.686862 60.053033
42.917780 87.780190 -5.494255 60.757161
44.982820 87.855000 -3.200294 61.494998
47.029150 87.934110 -1.037952 62.191590
49.088540 87.988070 1.002407 62.845939
51.131190 88.046720 3.023257 63.498032
53.178890 88.088740 5.054426 64.150828
55.228720 88.131890 6.961361 64.758812
57.257270 88.189930 8.920585 65.383293
59.284240 88.231390 10.843240 65.988906
61.307870 88.268110 12.797218 66.599099
63.333450 88.313230 15.157442 67.327866
65.383590 88.353950 17.676861 68.098966
67.446480 88.391970 20.259665 68.888452
69.483090 88.432190 22.408187 69.533757
71.551190 88.436950 24.834881 70.257726
73.590280 88.449790 26.939094 70.871392
75.642440 88.447490 29.237285 71.533761
77.675640 88.454840 31.263545 72.103981
79.705830 88.461020 33.750690 72.795942
81.744040 88.480290 36.043522 73.429498
83.774580 88.511400 38.171891 74.016485
85.799340 88.557110 40.140572 74.552696
87.804420 88.601160 42.170694 75.099206
89.806920 88.643630 44.076342 75.609647
91.803370 88.704770 46.347865 76.218374
93.754020 88.738080 48.482513 76.786359
95.670500 88.790390 50.423654 77.295411
97.538390 88.822000 52.226560 77.758580
99.322990 88.859730 54.005518 78.204751
100.954900 88.856800 55.833426 78.659915
102.409400 88.885030 57.267708 79.008879
103.660500 88.873010 58.504765 79.312738
104.773500 88.863290 59.671424 79.600932
105.718200 88.844540 60.426437 79.796877
106.475800 88.845300 60.962504 79.943659
107.080900 88.835950 61.323663 80.035232
107.600100 88.863550 61.690415 80.157113
108.075700 88.966910 62.359971 80.444411
108.506900 89.161700 62.883593 80.761084
108.887900 89.429650 63.361239 81.149503
109.267500 89.752890 63.806880 81.619013
109.650400 90.181660 64.361206 82.343342
110.007800 90.683680 64.851760 83.207643
110.331900 91.262390 65.185622 84.049879
110.663200 91.958220 65.404596 84.831862
110.947400 92.750780 65.560311 85.604981
111.190500 93.649870 65.659287 86.424764
111.329400 94.676260 65.641823 87.546780
111.382200 95.834440 65.489357 88.752623
111.376200 97.156700 65.180882 90.302524
111.321400 98.712080 64.800866 91.992685
111.179000 100.499200 64.297208 94.106683
111.052600 102.454500 63.734910 96.461466
110.953400 104.573600 63.164484 98.854166
110.848100 106.867600 62.522863 101.517034
110.729000 109.311900 61.881783 104.162662
110.604600 111.877700 61.265965 106.676912
110.451100 114.520800 60.600702 109.370627
110.254000 117.240000 59.922393 112.101533
110.055600 119.971100 59.233955 114.873244
109.855900 122.687400 58.559726 117.619964
109.666000 125.388400 57.914606 120.280021
109.501800 128.077800 57.270652 122.947654
109.371200 130.752800 56.605345 125.740834
109.256400 133.406800 55.912320 128.674552
109.149100 136.006600 55.268310 131.404188
109.039300 138.439400 54.690128 133.872963
108.946900 140.687200 54.111274 136.338388
108.848000 142.713600 53.609701 138.490116
108.759900 144.486400 53.183137 140.348096
108.690000 146.045200 52.828060 141.923437
108.715900 147.402400 52.547344 143.225950
108.827800 148.539800 52.238337 144.755539
108.921200 149.485400 51.872958 146.600203
109.006800 150.284400 51.603593 148.031187
109.049700 151.026600 51.405699 149.172779
109.110000 151.749000 51.286386 149.925235
109.240400 152.403100 51.216284 150.430095
109.344100 153.097600 51.129074 151.013089
109.452600 153.933600 50.914500 152.371760
109.521400 154.936000 50.754180 153.456999
109.584300 156.072700 50.570777 154.658993
109.645200 157.328900 50.344193 156.100502
109.667500 158.738000 50.073926 157.814997
109.715500 160.311600 49.786497 159.605321
109.696400 162.088600 49.462506 161.422321
109.648800 164.031700 49.047952 163.687542
109.639100 166.108700 48.587319 166.102933
109.633200 168.339900 48.108014 168.607113
109.612700 170.710700 47.600034 171.247918
109.583300 173.210300 47.125612 173.717516
109.553500 175.810400 46.612895 176.376016
109.534300 178.500200 46.103222 179.003100
109.535800 181.237100 45.551328 181.833178
109.577200 183.940500 44.971973 184.783248
109.589000 186.635900 44.387890 187.708026
109.627500 189.311100 43.854846 190.347923
109.659000 191.927100 43.283911 193.118275
109.629600 194.430300 42.746213 195.724425
109.574900 196.783200 42.240842 198.163496
109.514500 198.966200 41.799710 200.311462
109.471200 200.971300 41.352184 202.498273
109.448700 202.821200 40.997517 204.301842
109.448800 204.602200 40.504682 206.781935
109.487500 206.354100 40.089289 208.865423
109.546200 208.062400 39.751875 210.615131
109.610500 209.709200 39.450487 212.226725
109.671900 211.262700 39.132074 213.866640
109.705900 212.701800 38.848001 215.278048
109.734000 214.083700 38.572572 216.614078
109.731100 215.443500 38.267797 217.981566
109.707300 216.763900 38.004598 219.098225
109.699800 218.051000 37.701375 220.382555
109.686600 219.346900 37.400469 221.681470
109.662800 220.744800 37.119410 222.904182
109.624300 222.181900 36.835949 224.077321
109.632900 223.689900 36.525272 225.358548
109.598100 225.285500 36.170643 226.693049
109.569800 226.964200 35.689140 228.484480
109.440500 228.723900 35.064159 230.691030
109.201500 230.569600 34.490644 232.447318
108.840200 232.500400 33.961951 234.022248
108.453300 234.508400 33.333469 235.911243
108.103400 236.603300 32.897309 237.386128
107.820000 238.782500 32.451393 239.169286
107.625300 241.068300 32.041335 241.127690
107.500700 243.440400 31.607410 243.485961
107.404300 245.878200 31.240427 245.763520
107.332600 248.416100 30.822337 248.387740
107.256600 251.021300 30.425538 250.947624
107.176600 253.624800 29.990593 253.771647
107.085700 256.216800 29.596849 256.360135
106.990300 258.788300 29.195983 259.006618
106.888800 261.345700 28.802648 261.622270
106.803900 263.853500 28.432058 264.101737
106.756800 266.256500 28.099295 266.354715
106.736800 268.495900 27.782954 268.518935
106.721100 270.543000 27.501119 270.480851
106.664600 272.451300 27.273648 272.124331
106.602400 274.231700 27.044899 273.803390
106.541100 275.936000 26.824599 275.407891
106.490100 277.548900 26.626781 276.946131
106.431000 279.024300 26.454814 278.476677
106.436000 280.325900 26.352824 279.782835
106.525700 281.483400 26.326226 281.109927
106.690800 282.500200 26.379451 282.149120
106.934200 283.393700 26.498730 283.051323
107.264500 284.174800 26.663793 283.638141
107.615000 284.885400 26.910470 284.291118
108.052900 285.553000 27.258342 284.969204
108.564200 286.162300 27.726901 285.719145
109.134400 286.814700 28.196980 286.352425
109.716100 287.520500 28.553096 286.945986
110.122000 288.203000 28.821767 287.569213
110.422100 288.820000 29.036487 288.265914
110.586500 289.418300 29.170389 289.021437
110.618300 290.064100 29.214415 289.972719
110.518800 290.708100 29.121729 290.881065
110.370600 291.314300 28.880849 291.866486
110.141900 291.925400 28.513521 292.730375
109.836600 292.549000 27.983689 293.578574
109.496500 293.150200 27.599017 294.035706
109.127000 293.786300 27.177217 294.476716
108.698100 294.485100 26.767527 294.866335
108.256700 295.314100 26.622477 295.023964
107.818100 296.219200 26.110084 295.743579
107.428300 297.304000 25.507975 296.697097
107.065000 298.537100 24.959301 297.687642
106.761100 299.883000 24.476841 298.667873
106.504600 301.404000 24.009627 299.746937
106.275100 303.166000 23.495386 301.049845
106.085800 305.101300 22.911880 302.666257
105.832300 307.215400 22.372870 304.314541
105.631300 309.512000 21.805272 306.255016
105.511000 311.924600 21.250297 308.371491
105.445300 314.490700 20.718097 310.590078
105.421000 317.132600 20.111654 313.227123
105.442800 319.873700 19.420546 316.243004
105.446400 322.691700 18.753121 319.175024
105.418000 325.550100 18.144730 321.902267
105.395200 328.463500 17.526020 324.693748
105.363900 331.394800 16.914505 327.440441
105.291400 334.291700 16.317315 330.136098
105.220100 337.191700 15.729741 332.809089
105.144300 340.052300 15.109547 335.632186
105.074500 342.867900 14.508595 338.297718
105.008900 345.615600 13.862121 341.065225
104.963300 348.183800 13.333014 343.352426
104.902500 350.569000 12.870965 345.412802
104.816700 352.734300 12.499556 347.196049
104.677500 354.661300 12.144716 349.013076
104.615300 356.352300 11.830460 350.797407
104.604300 357.799100 11.704667 351.899597
104.701100 359.026400 11.651442 352.937484
104.890600 360.123900 11.692510 353.938237
105.192900 361.139800 11.834662 354.903441
105.583500 362.033500 12.151461 356.069125
106.094900 362.891300 12.695113 357.455135
106.699400 363.652300 13.301636 358.454204
107.414200 364.337700 13.974563 359.265075
108.207300 364.984000 14.779467 360.023025
109.274200 365.625100 15.691738 360.700316
110.518200 366.322000 16.767372 361.371132
111.969200 367.023500 18.104151 362.023476
113.629200 367.645200 19.710777 362.617642
115.502500 368.145800 21.258586 363.035111
117.562800 368.470200 22.963638 363.306030
119.826500 368.663600 25.126924 363.498377
122.238200 368.733400 27.420817 363.568760
124.812600 368.744200 29.892583 363.588837
127.509600 368.750200 32.713938 363.583855
130.334100 368.742700 35.624475 363.560461
133.295700 368.738200 38.742471 363.514892
136.383900 368.770400 41.925011 363.451981
139.555000 368.815800 45.073354 363.385816
142.817300 368.903900 48.336222 363.320966
146.129200 369.028000 51.568974 363.266419
149.483900 369.137700 55.063407 363.212211
152.891500 369.309800 58.434713 363.161419
156.306000 369.518300 61.874511 363.102237
159.737200 369.684200 65.301811 363.034646
163.198500 369.811800 68.790901 362.964144
166.695400 369.930000 72.302549 362.895546
170.207000 370.046100 75.882047 362.832407
173.771600 370.157300 79.509026 362.773271
177.360900 370.266500 83.077116 362.711855
180.975000 370.366900 86.600681 362.648754
184.518100 370.493400 90.156719 362.586823
188.057900 370.608200 93.638662 362.528829
191.649500 370.691100 97.166504 362.473691
195.256300 370.767500 100.720203 362.415690
198.849500 370.860000 104.320113 362.353208
202.381300 370.945800 108.016475 362.285343
205.845900 371.042000 111.729590 362.214684
209.282900 371.140100 115.459192 362.143305
212.668000 371.264500 118.942873 362.075429
216.064400 371.405600 122.376109 362.008895
219.481600 371.542500 125.894023 361.948591
222.884100 371.677600 129.334172 361.888855
226.298100 371.814800 132.759722 361.827561
229.735800 371.946300 136.153740 361.763967
233.194100 372.081100 139.574566 361.701517
236.650500 372.201800 143.009495 361.634740
240.111200 372.286400 146.653754 361.559623
243.564300 372.361500 150.216583 361.483176
247.015400 372.438700 153.745074 361.409869
250.457000 372.513500 157.299235 361.336627
253.891600 372.590900 160.855812 361.270866
257.290300 372.695800 164.335921 361.209944
260.690700 372.783400 167.919284 361.151375
264.069500 372.879600 171.409874 361.099371
267.431600 372.988700 174.779636 361.054546
270.776800 373.106400 178.034306 361.018496
274.109000 373.236700 181.325754 360.988511
277.432900 373.381900 184.685029 360.965537
280.759300 373.509600 188.044813 360.947092
284.056000 373.639500 191.490455 360.931212
287.359000 373.744400 194.962547 360.916500
290.659600 373.828200 198.303865 360.903063
293.947900 373.890800 201.828918 360.890606
297.237800 373.937600 205.036847 360.871945
300.521400 373.988900 208.464800 360.831957
303.768300 374.045300 211.800458 360.783710
306.957900 374.123300 215.132334 360.731214
310.146500 374.187500 218.527662 360.676717
313.322400 374.161000 221.775342 360.625501
316.483700 374.147700 224.963525 360.576138
319.614100 374.138000 228.152313 360.527462
322.710900 374.134900 231.296758 360.492182
325.754600 374.160500 234.371571 360.465913
328.760000 374.252700 237.302476 360.500732
331.723400 374.480400 239.821664 360.685614
334.629700 374.897700 242.611892 361.081298
337.443500 375.575200 245.181689 361.687314
340.190600 376.425800 247.838337 362.528001
342.858100 377.501000 250.332176 363.530555
345.468300 378.757900 252.820019 364.741410
348.031800 380.138800 255.306495 366.129999
350.528000 381.659100 257.782115 367.672141
353.018700 383.175200 260.332776 369.307203
355.491300 384.652000 262.819731 370.841188
357.947400 386.052400 265.218261 372.190665
360.450400 387.298300 267.840602 373.478794
362.989400 388.343200 270.319254 374.488904
365.629600 389.180000 273.057672 375.394020
368.276800 389.785200 275.787482 376.071866
371.000200 390.203900 278.656065 376.577055
373.810900 390.409900 281.600318 376.888553
376.669700 390.515800 284.727780 376.952875
379.565900 390.475800 287.960310 376.833423
382.519300 390.334600 290.967056 376.598618
385.568500 390.096400 294.072836 376.292813
388.667700 389.806400 297.272583 375.946244
391.801000 389.495500 300.539585 375.556449
394.948500 389.200900 303.384731 375.171770
398.070600 388.865200 306.308448 374.750459
401.148300 388.481900 309.004899 374.267053
404.065800 388.058900 311.880367 373.644924
406.691700 387.530400 314.385436 372.942955
409.000000 386.806300 316.447553 372.153887
410.962900 385.896000 318.424880 371.060281
412.562500 384.785500 320.019234 369.782253
413.996700 383.545300 321.224120 368.380841
415.180900 382.105900 322.251326 366.748069
416.123400 380.517100 322.889402 365.108738
416.780300 378.715300 323.323025 363.156042
417.257500 376.862000 323.406061 361.352577
417.474300 374.922400 323.232520 359.394665
417.570600 372.940800 322.914851 357.429693
417.595000 370.957200 322.545288 355.653288
417.608000 368.989000 322.112619 353.750332
417.583600 367.038100 321.637888 351.795812
417.563900 365.089500 321.164844 349.971249
417.541600 363.162600 320.639688 348.007449
417.537500 361.254500 320.159290 346.216429
417.528500 359.368700 319.654305 344.356859
417.528100 357.497400 319.187662 342.608769
417.533000 355.636800 318.667007 340.675670
417.535200 353.779400 318.159994 338.804386
417.571900 351.871300 317.663243 336.926091
417.625100 349.951000 317.202965 335.135626
417.694000 348.023900 316.752261 333.351398
417.785900 346.081700 316.296998 331.517605
417.908800 344.103500 315.838879 329.687131
418.015700 342.077300 315.338002 327.821588
418.081000 339.964700 314.817458 326.076642
418.090200 337.760700 314.224312 324.205760
418.050600 335.423900 313.475558 321.889270
417.958300 332.974100 312.669291 319.588187
417.860400 330.443200 311.724518 317.070921
417.712700 327.891600 310.743009 314.643212
417.482600 325.340400 309.758403 312.415965
417.033400 322.795700 308.546047 309.949550
416.342400 320.296000 307.199666 307.617904
415.500300 317.846800 305.817620 305.632139
414.502200 315.485600 304.230818 303.653721
413.318100 313.201700 302.608852 301.928255
412.032900 310.983400 300.663971 300.059527
410.705100 308.826400 298.650532 298.287173
409.332700 306.723300 296.590863 296.594732
407.938700 304.690300 294.432627 294.878952
406.473300 302.693100 292.561064 293.464551
404.955000 300.719700 290.550897 292.010931
403.421700 298.744000 288.426095 290.464481
401.884500 296.708900 286.436110 288.976658
400.391900 294.639900 284.282451 287.292082
398.848100 292.568900 282.334968 285.677659
397.412100 290.463600 280.486374 284.054303
396.057400 288.363000 278.740047 282.469276
394.718200 286.280300 276.891091 280.782239
393.408400 284.209500 275.074679 279.087450
392.117400 282.093800 273.112413 277.210306
390.835100 279.982500 271.217765 275.328263
389.579700 277.837900 269.329938 273.415362
388.345300 275.665600 267.607157 271.620997
387.120100 273.483200 265.802509 269.719955
385.875700 271.265000 263.880234 267.691153
384.628200 269.049200 261.977836 265.685465
383.381900 266.843000 260.045596 263.649656
382.125900 264.656300 258.191082 261.705566
380.854500 262.504300 256.280550 259.729042
379.661500 260.394600 254.509988 257.950121
378.446600 258.284100 252.790545 256.261726
377.135400 256.231900 251.036890 254.550227
375.830100 254.203900 249.270426 252.823528
374.666100 252.142300 247.517297 251.102644
373.467400 250.089900 245.654195 249.268352
372.260300 248.016900 243.782748 247.433971
371.007200 245.900200 241.898966 245.598989
369.693400 243.722700 239.992512 243.742682
368.315100 241.489500 237.977798 241.779025
366.888500 239.203500 236.003321 239.856456
365.460800 236.868900 234.090442 237.977581
364.012600 234.509600 232.051957 235.945572
362.529900 232.103900 229.849906 233.731515
361.127000 229.646700 227.662254 231.511429
359.661000 227.165200 225.582143 229.394330
358.172600 224.664800 223.429314 227.202483
356.667000 222.124500 221.187111 224.939215
355.093500 219.562900 219.044809 222.785324
353.424100 216.994400 216.879102 220.618329
351.712100 214.400800 214.598358 218.346025
349.975600 211.757600 212.342656 216.091178
348.217300 209.053900 210.005655 213.747249
346.440100 206.295800 207.663197 211.390134
344.718700 203.491400 205.459248 209.162746
343.048900 200.668300 203.245066 206.917745
341.324500 197.881200 200.864424 204.503098
339.568500 195.094400 198.516822 202.120181
337.852500 192.286600 196.139699 199.705419
336.194600 189.467000 193.899977 197.428727
334.505100 186.643600 191.593948 195.082346
332.810200 183.813400 189.174067 192.609143
331.136400 180.975200 186.818013 190.174044
329.490700 178.148700 184.502681 187.769651
327.932900 175.420200 182.230689 185.402157
326.471500 172.833200 180.099533 183.182210
325.095300 170.445000 178.149693 181.159199
323.762200 168.206100 176.318529 179.275966
322.412400 165.996900 174.403184 177.341041
321.011100 163.835400 172.522431 175.497051
319.641800 161.678600 170.592501 173.612348
318.295500 159.472400 168.613245 171.672498
316.951800 157.229300 166.594954 169.688626
315.588800 154.961100 164.694760 167.814338
314.135600 152.692800 162.650305 165.794043
312.631900 150.387300 160.453038 163.621654
311.148500 148.012100 158.326130 161.517822
309.612900 145.580200 156.178622 159.386422
308.016700 143.109100 154.024216 157.244711
306.331100 140.598200 151.670912 154.911015
304.564400 138.076000 149.421043 152.693890
302.797400 135.508900 147.106614 150.412651
300.997000 132.893600 144.813450 148.150600
299.222800 130.218600 142.411174 145.779704
297.437100 127.496300 140.148888 143.539972
295.655500 124.725500 137.870522 141.273793
293.887000 121.904900 135.544582 138.946635
292.106700 119.014900 133.234964 136.640778
290.285600 116.096800 130.962075 134.388674
288.486200 113.134700 128.534123 131.978004
286.686000 110.204800 126.107755 129.563479
284.893700 107.269000 123.710195 127.167298
283.126100 104.350100 121.266743 124.715497
281.355100 101.454500 118.855399 122.284911
279.594100 98.593690 116.376705 119.782893
277.853700 95.782330 113.885995 117.265936
276.123300 93.015090 111.643854 114.992443
274.407100 90.294590 109.561398 112.875742
272.692900 87.620630 107.383995 110.652915
270.986100 84.990760 105.132350 108.359553
269.325100 82.370640 103.103766 106.305859
267.721500 79.761360 101.023192 104.202945
266.125000 77.187760 99.014441 102.162344
264.542700 74.650060 97.053829 100.158222
262.985600 72.146080 95.109557 98.161651
261.442300 69.672120 93.109622 96.102722
259.914000 67.228910 91.113235 94.039913
258.304500 64.884450 89.152141 92.009981
256.745600 62.566170 87.325792 90.097000
255.295000 60.234750 85.682115 88.321979
253.997800 57.859320 83.938548 86.305562
252.910900 55.413560 82.360569 84.209139
252.070800 52.918370 80.970785 81.928488
251.456200 50.379500 79.679104 79.357314
251.101500 47.849010 78.629965 76.750461
250.932300 45.362320 77.774279 74.090898
250.858900 42.970440 77.146218 71.656608
250.880600 40.703100 76.648011 69.308518
250.860200 38.529600 76.149329 67.205819
250.643100 36.422190 75.523913 65.204352
250.219900 34.431510 74.737386 63.323468
249.550300 32.522370 73.757421 61.601440
248.682400 30.805930 72.550703 60.029773
247.595100 29.296170 71.282622 58.865201
246.325600 27.986790 69.786183 57.864333
244.806500 26.870520 68.212993 57.203483
243.208500 26.046220 66.591778 56.831205
241.618500 25.511990 64.658702 56.626952
240.183400 25.244680 63.162861 56.688938
238.935000 25.182690 62.049835 56.902218
237.834400 25.306400 61.007658 57.243867
236.751000 25.547440 60.082930 57.720478
235.819600 26.015040 59.215825 58.386529
235.018800 26.634010 58.501825 59.245323
234.322500 27.380390 57.907786 60.319898
233.665300 28.270030 57.546429 61.445083
233.152200 29.370220 57.427692 62.570743
232.717700 30.623840 57.464285 63.874025
232.381300 32.026050 57.666362 65.183066
232.146500 33.563930 58.031901 66.766210
231.970000 35.230950 58.540997 68.504344
231.824100 37.057360 59.094143 70.213408
231.711700 38.971820 59.745363 72.120440
231.613800 41.054710 60.444479 74.157709
231.500400 43.265380 61.227382 76.425879
231.399200 45.576380 62.025465 78.741234
231.319600 47.958050 62.792951 80.903390
231.245500 50.455120 63.641848 83.272377
231.179600 53.045730 64.513244 85.694468
231.112600 55.734600 65.400693 88.166278
231.018200 58.532000 66.337767 90.780852
230.923100 61.468330 67.293473 93.403551
230.781800 64.386420 68.255923 96.016962
230.554400 67.301250 69.296674 98.800643
230.382900 70.279420 70.296796 101.414744
230.251900 73.265810 71.255055 103.832181
230.117200 76.279160 72.350067 106.551098
229.963600 79.299000 73.522786 109.393164
229.812600 82.350860 74.645647 112.086699
229.639600 85.361680 75.775369 114.783970
229.508400 88.372400 76.906806 117.480647
229.396200 91.404150 77.983758 120.064212
229.226100 94.390420 79.068780 122.683800
229.043400 97.383610 80.138183 125.285936
228.915600 100.420900 81.188678 127.840116
228.777400 103.429600 82.284325 130.503362
228.620500 106.515300 83.240796 132.813048
228.492800 109.617700 84.318357 135.420695
228.345100 112.766000 85.404059 138.066295
228.262200 115.953800 86.485444 140.717397
228.174500 119.123600 87.527627 143.290291
228.062700 122.300500 88.545236 145.833941
227.923700 125.438600 89.623800 148.555851
227.800300 128.526100 90.642808 151.131322
227.652200 131.598300 91.691526 153.756728
227.534700 134.639400 92.718899 156.317509
227.419600 137.638100 93.760450 158.912731
227.314300 140.648200 94.739544 161.349266
227.209000 143.551900 95.736972 163.830072
227.066800 146.491000 96.810072 166.498401
226.958600 149.420900 97.930993 169.289297
226.876000 152.285800 98.966582 171.861059
226.800700 155.135000 100.074367 174.615515
226.731900 157.928600 101.150466 177.277305
226.671000 160.677000 102.186876 179.852494
226.582000 163.433500 103.220250 182.442210
226.485000 166.141300 104.243561 185.025623
226.397200 168.834800 105.264889 187.629479
226.291800 171.503000 106.294636 190.278018
226.193800 174.156400 107.264419 192.772717
226.097700 176.845900 108.271191 195.375683
226.004100 179.602700 109.272762 197.953165
225.899400 182.370000 110.269262 200.502419
225.790500 185.147000 111.376617 203.327016
225.666400 187.881700 112.423485 205.968337
225.559700 190.596700 113.430895 208.511301
225.450800 193.273500 114.431078 211.048164
225.344100 195.959200 115.411622 213.548129
225.255300 198.650900 116.448899 216.208336
225.193200 201.334900 117.448792 218.747295
225.127200 204.006800 118.599247 221.654033
225.065500 206.635300 119.688490 224.393115
225.010800 209.237100 120.662129 226.818944
224.942500 211.826000 121.622205 229.191331
224.891100 214.400400 122.671434 231.794223
224.851300 216.935700 123.657808 234.229062
224.574700 219.362300 124.644241 236.660445
224.296500 221.836900 125.514582 238.821764
224.077500 224.335800 126.490229 241.255606
223.912600 226.902200 127.477425 243.736357
223.741800 229.521600 128.503136 246.344089
223.606900 232.177000 129.515558 248.953383
223.385500 235.003000 130.536646 251.620248
223.159800 237.809300 131.558839 254.330845
222.960600 240.674800 132.568823 257.015824
222.792300 243.535000 133.551284 259.635562
222.588700 246.352100 134.527366 262.256097
222.380700 249.170100 135.598081 265.148466
222.221500 251.920200 136.603577 267.873577
222.080000 254.672900 137.648122 270.703956
221.956900 257.368500 138.612605 273.314148
221.829100 260.046700 139.589265 275.952061
221.692500 262.646800 140.473405 278.314903
221.568600 265.262200 141.403047 280.798097
221.459700 267.839700 142.287393 283.145775
221.336200 270.381800 143.177703 285.487818
221.189700 272.766200 143.971367 287.545789
221.088000 275.002000 144.769647 289.569618
221.026400 277.045600 145.413548 291.136979
221.049000 278.872300 146.121739 292.768798
221.129600 280.543300 147.025222 294.756023
221.219900 282.100200 147.772414 296.291271
221.344400 283.572300 148.385114 297.495034
221.383300 284.982800 148.945940 298.607773
221.427300 286.297500 149.711989 300.188615
221.355400 287.505400 150.214509 301.392760
221.243100 288.625800 150.583215 302.463703
221.036600 289.678700 150.776880 303.376989
220.706100 290.652000 150.864239 304.247954
220.342100 291.553100 150.855230 305.029908
219.853800 292.364600 150.763108 305.789465
219.269900 293.212700 150.586391 306.570675
218.538100 294.065300 150.308927 307.326047
217.686800 294.889800 149.908774 308.091018
216.657700 295.681400 149.255637 309.046081
215.444500 296.400100 148.375606 310.020309
214.042800 296.980800 147.165141 311.059804
212.392600 297.367200 145.681992 312.003519
210.496800 297.522800 144.069600 312.731643
208.422600 297.550500 141.827976 313.574489
206.131200 297.483400 138.917069 314.566764
203.651200 297.386400 135.882899 315.573179
200.976300 297.310600 132.760382 316.590990
198.089000 297.234800 129.764425 317.557065
194.997600 297.169600 126.755833 318.515803
191.702200 297.088100 123.521275 319.535383
188.259400 296.972900 120.282429 320.545817
184.687600 296.836900 116.725795 321.649225
180.991300 296.697500 113.201558 322.737016
177.262000 296.545800 109.751051 323.797431
173.558400 296.374900 106.277187 324.856754
169.919200 296.277600 102.606915 325.974662
166.317100 296.215600 99.044306 327.058209
162.711100 296.177000 95.512459 328.131331
159.134700 296.119900 91.968220 329.203225
155.571100 296.037800 88.483748 330.250059
152.007700 295.960500 84.879447 331.328834
148.468000 295.873200 81.392847 332.366189
144.946600 295.784900 77.887792 333.400657
141.444100 295.697900 74.494584 334.392482
137.975600 295.609100 70.986692 335.412540
134.474600 295.536100 67.493770 336.415295
131.021500 295.387200 64.007461 337.391608
127.584800 295.185200 60.747854 338.272126
124.194200 294.919100 57.362107 339.141458
120.833000 294.568800 54.365154 339.859878
117.524100 294.148300 51.102179 340.597536
114.277200 293.717200 48.046058 341.262289
111.044200 293.263000 45.181230 341.871204
107.875300 292.820400 42.328181 342.471259
104.688800 292.432800 39.302301 343.100265
101.526200 292.112800 36.356459 343.742437
98.320670 291.867700 33.255280 344.468007
95.075730 291.698100 30.122730 345.245507
91.781610 291.600800 26.890523 346.088625
88.461730 291.510300 23.548729 346.991640
85.094010 291.416400 20.241537 347.894831
81.672540 291.325000 17.211234 348.727303
78.223590 291.216800 14.261610 349.542696
74.766450 291.106600 11.209779 350.394280
71.344240 290.985400 8.296259 351.209881
67.941880 290.873200 5.011970 352.142489
64.574620 290.765700 1.752719 353.092672
61.246410 290.655900 -1.593549 354.080840
57.944380 290.555500 -4.868932 355.051476
54.688490 290.463900 -8.088437 356.009123
51.465180 290.374800 -11.113821 356.917409
48.250390 290.298700 -14.177988 357.850250
45.050130 290.226400 -17.064316 358.734762
41.875270 290.157700 -19.979373 359.643373
38.711490 290.079000 -22.912580 360.558004
35.578690 289.999000 -25.763927 361.442342
32.468040 289.919000 -28.749964 362.363692
29.399030 289.855900 -31.714750 363.279053
26.374440 289.806000 -34.608844 364.173887
23.466190 289.753800 -37.381267 365.035091
20.703250 289.695700 -39.929057 365.842767
18.065590 289.632000 -42.325412 366.611280
15.545090 289.573700 -44.743431 367.389257
13.147890 289.520300 -46.861427 368.084740
10.888030 289.488100 -48.873821 368.786876
8.793075 289.520100 -50.612886 369.473586
6.883822 289.607400 -52.204193 370.192870
5.082836 289.770600 -53.765351 370.964676
3.360773 289.989300 -55.189929 371.734040
1.693438 290.246300 -56.481462 372.459313
0.081762 290.523900 -57.805668 373.234289
-1.454040 290.824700 -59.079278 374.034151
-2.912142 291.153900 -60.309954 374.865305
-4.263831 291.496500 -61.502864 375.735432
-5.469629 291.865200 -62.427733 376.508537
-6.561797 292.250200 -63.267868 377.317240
-7.567325 292.720400 -63.859429 378.007588
-8.250854 293.150700 -64.249971 378.581406
-8.615564 293.414600 -64.399278 378.868640
-8.701378 293.497800 -64.322568 378.784616
-8.677816 293.476200 -64.244626 378.692426
-8.670689 293.481400 -64.166895 378.599299
-8.660467 293.476600 -64.086232 378.501486
-8.651698 293.468700 -63.987373 378.378261
-8.643833 293.460000 -63.891530 378.258002
-8.651930 293.468400 -63.800030 378.145044
-8.687854 293.502400 -63.710777 378.035092
-8.762112 293.570000 -63.625248 377.929581
-8.920494 293.730700 -63.554574 377.853380
-9.169684 294.008200 -63.611597 378.031708
-9.506103 294.394700 -63.738329 378.386065
-9.958653 294.935000 -63.868026 378.816102
-10.520470 295.675700 -64.018705 379.405406
-11.117550 296.668100 -64.170868 380.289951
-11.708500 297.866400 -64.287991 381.584596
-12.237630 299.339200 -64.294325 383.140726
-12.683330 301.018400 -64.133418 384.715712
-13.070580 302.864600 -63.807599 386.430102
-13.368680 304.910200 -63.302177 388.197652
-13.565630 307.103100 -62.649165 390.140119
-13.722500 309.483700 -61.808107 392.390014
