0.000000 0.000000 -0.000000 0.000000
0.054181 0.879235 -0.081091 0.852453
0.069768 1.824326 -0.214203 1.739264
0.003415 2.875512 -0.403113 2.572646
-0.123130 4.021896 -0.664602 3.429559
-0.355562 5.248722 -1.030961 4.475858
-0.622388 6.586939 -1.499230 5.636550
-0.941959 8.041587 -2.058311 6.907169
-1.317954 9.607606 -2.682384 8.210853
-1.746028 11.261490 -3.347260 9.485601
-2.247333 13.001260 -4.299385 11.227796
-2.819369 14.841550 -5.297347 12.977770
-3.471584 16.794890 -6.366222 14.756796
-4.206227 18.801040 -7.464098 16.488723
-5.002325 20.924250 -8.764711 18.465502
-5.895726 23.141170 -10.103426 20.411877
-6.893668 25.384920 -11.571435 22.471637
-7.982190 27.688730 -13.106795 24.510958
-9.164411 30.059710 -14.717938 26.523433
-10.444260 32.492060 -16.454422 28.575524
-11.824940 34.996970 -18.318883 30.683978
-13.288260 37.616200 -20.434557 32.993800
-14.807970 40.343090 -22.670721 35.349504
-16.405480 43.114560 -25.094888 37.833075
-18.046730 45.856950 -27.488015 40.163511
-19.822820 48.550680 -29.987369 42.457584
-21.675070 51.158150 -32.537960 44.668947
-23.560100 53.734170 -35.156908 46.821205
-25.494780 56.313420 -37.839872 48.903657
-27.482530 58.864650 -40.587365 50.919423
-29.541190 61.360910 -43.297407 52.786017
-31.678300 63.840490 -46.107526 54.593227
-33.902360 66.293940 -49.058969 56.376196
-36.250580 68.681990 -52.055787 58.057632
-38.692550 71.052560 -55.221656 59.727030
-41.192840 73.405700 -58.419253 61.302051
-43.783840 75.735640 -61.745290 62.846731
-46.432290 78.051270 -65.086651 64.299900
-49.152200 80.361270 -68.416799 65.645490
-51.940820 82.646680 -71.889088 66.935618
-54.848670 84.861880 -75.499458 68.142935
-57.859180 86.983730 -79.032070 69.150541
-60.964150 89.027210 -82.640244 70.025794
-64.171330 90.959490 -86.364999 70.778333
-67.486660 92.809380 -90.168274 71.379983
-70.858280 94.583360 -93.940847 71.839251
-74.262510 96.288110 -97.791204 72.210334
-77.676110 97.939670 -101.558684 72.472907
-81.063060 99.532950 -105.310216 72.690361
-84.370760 101.062700 -108.869647 72.888500
-87.620370 102.509100 -112.354002 73.073130
-90.786320 103.874400 -115.781510 73.230609
-93.870530 105.255700 -119.185430 73.395188
-96.881570 106.709600 -122.446161 73.622365
-99.805830 108.239800 -125.693649 73.949456
-102.636000 109.900200 -128.952621 74.380044
-105.378400 111.659200 -132.217861 74.948441
-107.976000 113.472300 -135.497566 75.659394
-110.447900 115.333000 -138.490848 76.431813
-112.784900 117.225600 -141.514167 77.328490
-115.015000 119.132700 -144.487807 78.355504
-117.123400 121.056800 -147.967845 79.687021
-119.078900 122.948300 -150.560649 80.811672
-120.895600 124.857100 -153.220336 82.082734
-122.564000 126.793900 -155.663478 83.368299
-124.115200 128.784700 -157.998331 84.722639
-125.556900 130.848800 -160.380092 86.233763
-126.900700 132.986400 -162.617444 87.751902
-128.166200 135.162700 -164.709223 89.248445
-129.390300 137.438800 -166.861987 90.845837
-130.624700 139.816800 -169.019411 92.516524
-131.850200 142.307900 -171.229613 94.312258
-133.053900 144.928800 -173.501224 96.250062
-134.221100 147.696700 -175.753139 98.325941
-135.286000 150.585100 -178.107740 100.695244
-136.188200 153.654800 -180.372662 103.246891
-136.902400 156.885700 -182.424037 105.892989
-137.414500 160.267800 -184.546736 108.993285
-137.716200 163.797200 -186.478324 112.216423
-137.811800 167.451700 -188.218994 115.568619
-137.693100 171.190300 -189.866314 119.314301
-137.342300 175.019300 -191.288501 123.196391
-136.764600 178.911300 -192.569025 127.435605
-135.961700 182.879700 -193.637054 131.907244
-134.921000 186.887900 -194.425798 136.401575
-133.676900 190.927900 -194.930156 140.974926
-132.176400 194.967500 -195.153077 145.629166
-130.412100 198.974000 -195.049789 150.346287
-128.325000 202.907800 -194.592550 155.048883
-125.879600 206.683600 -193.760969 159.727251
-123.115600 210.265500 -192.602089 164.274308
-120.072500 213.663000 -191.074203 168.812686
-116.797700 216.867700 -189.265413 173.189212
-113.326600 219.882100 -187.176505 177.424564
-109.741800 222.621900 -184.835586 181.456736
-106.071200 225.055100 -182.227228 185.278828
-102.330300 227.163100 -179.513140 188.692782
-98.549080 228.934800 -176.662029 191.821927
-94.765260 230.393600 -173.583036 194.760425
-91.040120 231.572900 -170.404093 197.427875
-87.356360 232.508500 -167.614257 199.524784
-83.712820 233.198800 -164.684518 201.483510
-80.131800 233.665300 -161.549683 203.328604
-76.597140 233.928600 -158.229175 205.069239
-73.221710 234.047000 -154.900732 206.640876
-69.951170 234.094200 -151.792082 208.025249
-66.744420 234.089700 -148.759932 209.337075
-63.631270 234.073000 -145.862645 210.585093
-60.588190 234.080900 -143.032130 211.817235
-57.589970 234.129900 -140.405313 213.024131
-54.631270 234.221300 -137.938372 214.265062
-51.691800 234.380800 -135.585454 215.555703
-48.789980 234.600500 -133.137971 216.994297
-45.914730 234.880700 -130.594144 218.570911
-43.056600 235.221400 -128.175697 220.152276
-40.226560 235.615000 -125.707941 221.844804
-37.436510 236.072300 -123.222201 223.644652
-34.671830 236.602900 -120.944245 225.392474
-31.872100 237.159200 -118.567112 227.318841
-29.030010 237.739000 -116.200088 229.315478
-26.164210 238.361200 -113.910769 231.325089
-23.288400 239.014600 -111.793116 233.282180
-20.420150 239.737800 -109.830036 235.210438
-17.585900 240.557900 -107.769927 237.349513
-14.787740 241.484300 -105.649540 239.710763
-12.027780 242.497800 -103.775363 241.955400
-9.297034 243.589800 -101.869028 244.380011
-6.615868 244.741000 -100.068130 246.808269
-4.000885 245.950200 -98.328118 249.291362
-1.445171 247.223500 -96.642657 251.856174
1.045353 248.560800 -95.138545 254.310103
3.471952 249.950800 -93.756270 256.755935
5.864994 251.410300 -92.443748 259.270441
8.235125 252.947800 -91.152054 261.896378
10.583690 254.573100 -89.870142 264.568511
12.953340 256.177400 -88.568653 267.306972
15.346400 257.781100 -87.231326 270.135519
17.751050 259.400400 -85.980572 272.790524
20.188860 261.030300 -84.672459 275.580123
22.647720 262.666800 -83.455432 278.240560
25.099450 264.305600 -82.236118 280.948757
27.525840 265.954500 -81.022983 283.750076
29.936290 267.631700 -79.908345 286.510733
32.286150 269.360900 -78.882348 289.213638
34.606160 271.143700 -77.806980 292.188163
36.885170 273.027100 -76.896577 294.919763
39.097050 274.998500 -76.088083 297.644644
41.290800 277.096800 -75.387975 300.355575
43.439250 279.297300 -74.772343 303.239477
45.513250 281.622300 -74.287201 306.093916
47.514220 284.070700 -73.899509 309.150990
49.431830 286.626800 -73.620149 312.539146
51.294100 289.273800 -73.479128 315.934949
53.101300 292.012400 -73.437430 319.165438
54.875230 294.809700 -73.458900 322.489845
56.646400 297.643200 -73.506856 325.869623
58.445530 300.513000 -73.593623 329.271067
60.252450 303.405100 -73.725695 332.782132
62.043860 306.330600 -73.922161 336.284091
63.761150 309.296200 -74.205096 339.681999
65.349920 312.311900 -74.604521 343.073710
66.806830 315.364200 -75.148018 346.461446
68.116080 318.458200 -75.856684 349.961644
69.296620 321.579600 -76.682927 353.357085
70.444270 324.701500 -77.568521 356.712057
71.544490 327.823300 -78.508727 360.051332
72.579080 330.962600 -79.556368 363.408746
73.537630 334.109900 -80.684445 366.736755
74.456800 337.228300 -81.828238 369.910061
75.339380 340.280400 -82.950655 372.914662
76.286690 343.179300 -84.025605 375.735662
77.264140 345.918700 -85.030307 378.381483
78.217100 348.599200 -85.992111 380.845131
79.076510 351.282300 -87.093603 383.463660
79.788430 353.970700 -88.437114 386.187800
80.289200 356.680100 -89.832358 388.595155
80.544210 359.422600 -91.545667 391.133782
80.553950 362.181700 -93.479888 393.624835
80.325300 364.950100 -95.397574 395.691384
79.948290 367.764600 -97.209755 397.502257
79.552930 370.623900 -99.089276 399.317633
79.189870 373.576200 -101.245509 401.398250
78.847720 376.617400 -103.600679 403.664196
78.487220 379.779100 -105.918733 405.887733
78.109220 383.024900 -108.178793 408.020697
77.724340 386.331700 -110.448019 410.145953
77.303670 389.673500 -112.719631 412.227757
76.785710 392.998500 -115.247550 414.446716
76.164260 396.307900 -117.824152 416.566422
75.453110 399.563900 -120.559754 418.685146
74.687820 402.778100 -123.329218 420.685468
73.880590 405.959600 -126.301993 422.711924
73.001560 409.140100 -129.210884 424.581037
72.077030 412.325000 -131.980467 426.276512
71.142260 415.518400 -135.016977 428.086277
70.199490 418.732600 -138.079526 429.876625
69.226500 421.954700 -141.098807 431.623060
68.236100 425.167200 -144.061486 433.321916
67.260820 428.363600 -147.161757 435.085423
66.313240 431.552600 -150.202574 436.805471
65.391740 434.718000 -153.020843 438.400868
64.501670 437.856900 -155.907980 440.037912
63.634920 440.951000 -158.793374 441.678485
62.789470 444.005700 -161.610474 443.286054
61.956690 447.015700 -164.091388 444.705226
61.133480 449.961200 -166.534214 446.109613
60.318620 452.867200 -168.866388 447.452118
59.499520 455.718100 -171.291973 448.846326
58.682170 458.529200 -173.660042 450.207118
57.867160 461.298900 -176.205559 451.664893
57.054660 464.035200 -178.720318 453.093859
56.243590 466.731100 -181.111061 454.449542
55.443060 469.359000 -183.510257 455.816799
54.686220 471.907600 -185.890517 457.188911
53.957650 474.335100 -188.094404 458.486976
53.256730 476.667000 -190.074520 459.667690
52.582380 478.963700 -191.953591 460.824106
51.956500 481.261900 -193.938863 462.107944
51.412610 483.574200 -195.838958 463.457903
51.013880 485.899300 -197.595425 464.848584
50.812910 488.248800 -199.354919 466.501192
50.798080 490.609700 -200.863444 468.209227
50.978710 492.984500 -202.332252 470.163930
51.345270 495.367500 -203.629469 472.218120
51.889050 497.738400 -204.714043 474.296971
52.577300 500.130400 -205.844175 476.773474
53.407230 502.515400 -206.824213 479.273904
54.397040 504.884900 -207.644222 481.798713
55.518570 507.215000 -208.310246 484.353050
56.765020 509.509300 -208.798163 486.814002
58.192020 511.730400 -209.137533 489.314973
59.789040 513.824000 -209.311005 491.860371
61.540430 515.752700 -209.305699 494.438943
63.410000 517.523000 -209.114735 497.022349
65.397890 519.217300 -208.763805 499.628207
67.496690 520.814600 -208.277366 502.104797
69.720640 522.307200 -207.581571 504.772538
72.067650 523.642400 -206.701679 507.341607
74.549290 524.809100 -205.538716 510.041389
77.153850 525.815200 -204.174751 512.515297
79.881990 526.633100 -202.638805 514.797894
82.715440 527.211700 -200.840385 517.038777
85.640790 527.586200 -198.903762 519.101667
88.644290 527.748500 -196.757469 521.079679
91.710620 527.693700 -194.519270 522.861342
94.811790 527.411800 -192.126136 524.482111
97.935300 526.886500 -189.675998 525.895651
101.063100 526.157900 -186.925066 527.274786
104.194600 525.225000 -184.078066 528.497601
107.305700 524.079000 -180.960157 529.630171
110.385400 522.743600 -177.787936 530.621467
113.459600 521.282300 -174.730672 531.533561
116.567100 519.769500 -171.595483 532.458229
119.739300 518.237200 -168.467324 533.385616
122.982300 516.640600 -165.333355 534.317485
126.165500 515.061000 -161.964135 535.316352
129.459200 513.419400 -158.885432 536.227376
132.785400 511.739500 -155.549608 537.206658
136.164500 510.030300 -152.185767 538.192876
139.600200 508.311400 -148.804650 539.186605
143.109700 506.548700 -145.534867 540.148286
146.672500 504.761300 -142.356267 541.084532
150.295000 502.937800 -139.090164 542.050876
153.967100 501.081900 -135.859664 543.021823
157.696200 499.214100 -132.545389 544.030226
161.457700 497.333800 -129.232164 545.037924
165.216700 495.416600 -125.525169 546.164813
168.984800 493.501000 -122.191369 547.179683
172.746400 491.586700 -119.066180 548.126070
176.518000 489.688800 -115.680666 549.147173
180.295200 487.819900 -112.361418 550.149487
184.036700 485.970500 -108.838141 551.207207
187.779200 484.135700 -104.927722 552.374312
191.500200 482.306500 -101.117799 553.510677
195.180200 480.469600 -97.122867 554.702671
198.815300 478.621300 -93.202726 555.868705
202.393600 476.753100 -89.294467 557.026069
205.912000 474.880400 -85.611181 558.118577
209.296500 473.041000 -81.954434 559.197217
212.515400 471.274700 -78.375012 560.235298
215.580600 469.586600 -75.132661 561.185785
218.489200 468.019000 -71.986888 562.158527
221.328300 466.599200 -68.733124 563.270082
224.156800 465.368500 -65.704858 564.436268
226.991800 464.316200 -63.078919 565.575354
229.883500 463.424700 -60.281723 566.947392
232.820800 462.731300 -57.547404 568.492930
235.780100 462.243300 -55.019541 570.167719
238.782200 461.945800 -52.595631 572.094012
241.848400 461.905600 -50.259770 574.329199
244.967900 462.147500 -48.145607 576.775538
248.086200 462.682300 -46.219306 579.477092
251.186900 463.495800 -44.540843 582.366763
254.278000 464.580100 -43.250198 585.200962
257.287900 465.915200 -42.256984 588.086485
260.242000 467.523100 -41.519677 591.011071
263.106900 469.351100 -41.036394 593.794571
265.866100 471.381400 -40.651878 597.180472
268.559300 473.556000 -40.452847 600.590548
271.204400 475.840000 -40.394212 604.124992
273.819900 478.206700 -40.449104 607.596255
276.385100 480.590800 -40.569902 611.178752
278.915500 482.977100 -40.720450 614.636012
281.390900 485.346800 -40.867601 617.858030
283.809500 487.633100 -41.011339 621.209889
286.165500 489.759700 -41.114035 624.272466
288.479300 491.699500 -41.105429 627.351406
290.753400 493.425200 -40.970369 630.154419
292.943900 494.909400 -40.726987 632.556465
295.050000 496.208200 -40.356329 634.755612
297.157600 497.295500 -39.761195 637.139056
299.275300 498.080400 -38.957879 639.222950
301.409300 498.552800 -37.910361 641.180769
303.638500 498.806300 -36.654300 642.920165
305.825500 498.755800 -35.336613 644.250086
307.969500 498.413400 -33.912024 645.367923
310.082700 497.866400 -32.152006 646.555725
312.168500 497.169500 -30.283582 647.631715
314.242500 496.345000 -28.263337 648.627905
316.287200 495.404000 -26.267815 649.448016
318.242200 494.293900 -24.299487 650.040265
320.067800 492.959300 -22.217261 650.415355
321.691800 491.422900 -20.137439 650.509885
323.027900 489.679600 -17.852460 650.339486
324.128000 487.907400 -15.786481 649.890232
325.083100 486.074100 -13.577551 649.172733
325.901600 484.156200 -11.645440 648.343370
326.541500 482.161200 -9.924190 647.373895
326.975000 480.110600 -8.196605 646.145734
327.199900 477.981300 -6.577293 644.703630
327.207600 475.816100 -5.110355 643.089153
326.987100 473.574900 -3.807646 641.304487
326.612600 471.312500 -2.534434 639.286004
326.101700 468.984300 -1.349925 637.115969
325.485000 466.584700 -0.181471 634.732594
324.770900 464.117300 0.890596 632.409587
324.015300 461.568800 2.035224 629.935517
323.241500 458.937100 3.135306 627.564596
322.428100 456.221600 4.323856 625.012855
321.582200 453.438700 5.512095 622.436319
320.700500 450.590200 6.699162 619.819188
319.803300 447.709400 7.974211 616.983396
318.882300 444.812700 9.181147 614.317254
317.933600 441.902000 10.407288 611.651494
317.026500 438.982700 11.748297 608.855032
316.159500 436.052700 13.047191 606.276944
315.357400 433.104800 14.360263 603.866829
314.633500 430.138600 15.785999 601.436210
314.023700 427.174800 17.437337 598.863221
313.546100 424.188800 19.271581 596.239506
313.186000 421.191700 21.162004 593.751721
312.967300 418.184200 23.084778 591.474270
312.864500 415.179900 25.027189 589.379555
312.872600 412.155500 27.315713 587.107123
312.990400 409.162100 29.846447 584.812128
313.203500 406.159400 32.332579 582.745121
313.520300 403.163500 34.742557 580.896215
313.923800 400.189100 37.190681 579.146977
314.410500 397.252500 39.879229 577.357747
314.957200 394.350700 42.573091 575.682408
315.563700 391.486400 45.219224 574.138120
316.210700 388.682600 47.867236 572.703327
316.875600 385.969600 50.296027 571.494196
317.575400 383.411700 52.809640 570.343854
318.278300 381.082600 54.951411 569.441905
318.940600 378.964700 57.056918 568.567611
319.536100 376.960800 59.180629 567.671812
320.051600 374.976800 61.149603 566.811148
320.455200 373.030400 63.106469 565.815619
320.667900 371.083600 64.770454 564.760480
320.639300 369.178900 66.186031 563.591991
320.367200 367.308200 67.406264 562.237883
319.812200 365.451900 68.444903 560.645239
318.977600 363.612500 69.268919 558.880031
317.917200 361.899400 69.894126 556.877310
316.653200 360.259800 70.298542 554.759928
315.183100 358.649300 70.538661 552.750835
313.573000 357.006500 70.720361 550.553870
311.803000 355.325900 70.852142 548.246143
309.911600 353.572300 70.968029 545.678064
307.954100 351.681100 71.103644 543.009415
305.918800 349.709900 71.264779 540.201971
303.815100 347.660800 71.445813 537.183541
301.671400 345.530600 71.630939 534.273978
299.493500 343.321800 71.879155 530.919234
297.311600 341.063800 72.181963 527.738174
295.144200 338.750800 72.577658 524.381930
293.010900 336.383800 73.078503 520.969826
290.937000 333.945100 73.684404 517.665889
288.991700 331.405200 74.454933 514.322302
287.170900 328.759000 75.365185 511.065264
285.462000 326.045600 76.427362 507.827160
283.830800 323.246400 77.498692 504.941217
282.268800 320.363300 78.722680 501.906520
280.755300 317.391500 79.997868 498.825488
279.273700 314.371200 81.280201 495.721404
277.774600 311.308900 82.660960 492.365097
276.264200 308.193000 83.936138 489.270009
274.757100 305.022400 85.275082 486.012684
273.207400 301.793600 86.662311 482.632310
271.619600 298.531900 88.138263 479.040972
270.024400 295.205700 89.633090 475.393346
268.363800 291.836000 91.074592 471.811890
266.611600 288.477200 92.368963 468.485169
264.727500 285.132100 93.715017 464.825452
262.759200 281.800100 95.003405 461.050433
260.701700 278.471600 96.168097 457.485362
258.620500 275.176300 97.300163 453.940035
256.506400 271.837700 98.488392 450.163226
254.344100 268.488000 99.711065 446.222193
252.173900 265.097000 100.897011 442.367413
249.944700 261.678700 102.069705 438.549797
247.696800 258.253900 103.218645 434.816427
245.448300 254.808000 104.426820 430.894707
243.193400 251.334600 105.655222 426.915118
240.896500 247.824500 106.869375 422.961303
238.556700 244.277400 108.071425 419.044693
236.174700 240.690700 109.316026 414.979776
233.763000 237.091500 110.542091 410.954917
231.332800 233.457600 111.699899 407.138543
228.838300 229.808000 112.901062 403.165946
226.342900 226.169100 114.123693 399.115909
223.818800 222.533800 115.337304 395.100893
221.285700 218.901400 116.494225 391.281799
218.752300 215.265000 117.677313 387.383099
216.249600 211.634900 118.828559 383.597085
213.762100 207.997700 119.984957 379.822650
211.316800 204.351400 121.173320 375.954539
208.893800 200.676600 122.338702 372.174512
206.508300 196.989800 123.540534 368.302154
204.177700 193.291200 124.755119 364.427124
201.927600 189.547700 125.975891 360.562957
199.739900 185.759300 127.239546 356.642181
197.634000 181.950500 128.519232 352.707324
195.568100 178.118500 129.841733 348.661928
193.561400 174.281900 131.157080 344.660555
191.624100 170.408300 132.503037 340.597385
189.716900 166.527700 133.817853 336.673721
187.815500 162.621800 135.179519 332.627200
185.959300 158.681600 136.553228 328.549634
184.094000 154.737900 137.878593 324.623342
182.239600 150.794500 139.271571 320.510232
180.398400 146.846200 140.698931 316.291602
178.592100 142.900000 142.102379 312.132726
176.795000 138.933400 143.453297 308.116151
174.974500 134.967700 144.781962 304.154918
173.137100 131.051800 145.998240 300.417648
171.221700 127.194200 147.206587 296.408092
169.204100 123.403700 148.315359 292.333687
167.059300 119.698200 149.257464 288.381829
164.778800 116.075700 150.099469 284.325469
162.368900 112.524900 150.816831 280.292912
159.842700 109.067300 151.476272 276.044797
157.243500 105.701500 152.035722 271.766215
154.586000 102.373400 152.542328 267.409654
151.852400 99.075390 153.003892 263.136137
149.065100 95.812170 153.415317 258.849123
146.211000 92.589950 153.771690 254.554820
143.290400 89.438890 154.109716 249.952699
140.313900 86.318510 154.402405 245.357404
137.315300 83.188540 154.647999 240.939390
134.309400 80.022690 154.876081 236.446212
131.293700 76.854850 155.097415 231.921774
128.257000 73.680270 155.299527 227.772763
125.224000 70.510050 155.499315 223.611119
122.171600 67.325860 155.696325 219.464961
119.104200 64.151150 155.896267 215.203280
116.003700 60.986180 156.100736 210.764652
112.861400 57.817240 156.304351 206.231118
109.667300 54.647940 156.501891 201.711776
106.494700 51.468900 156.696028 197.107234
103.294400 48.292970 156.877672 192.601929
100.126400 45.132480 157.047204 188.219097
96.950460 41.977160 157.207893 183.905386
93.739320 38.803750 157.364534 179.546221
90.567830 35.632100 157.510200 175.397294
87.415790 32.458970 157.660473 171.156629
84.260040 29.295850 157.819845 166.640997
81.123540 26.129440 157.979801 162.141935
77.992680 22.957970 158.137814 157.642770
74.890600 19.774830 158.296576 153.057162
71.780370 16.590360 158.455831 148.467896
68.630430 13.396510 158.615712 143.919721
65.471800 10.205970 158.774130 139.479673
62.314330 7.007367 158.935844 134.875155
59.206170 3.808043 159.093422 130.278122
56.091860 0.584754 159.252419 125.495438
53.008120 -2.625659 159.408689 120.643702
49.955730 -5.822352 159.557059 115.836037
46.935070 -9.021045 159.695915 111.178978
43.893000 -12.216550 159.823149 106.872549
40.929340 -15.293680 159.945266 102.722828
38.089530 -18.317430 160.065585 98.360792
35.418750 -21.291630 160.181896 94.347027
32.866820 -24.157290 160.323787 90.373793
30.511610 -26.943030 160.478252 86.589381
28.282770 -29.552800 160.627538 83.095230
26.270910 -31.981160 160.765078 79.910006
24.406470 -34.119140 160.831378 76.846918
22.621160 -35.934900 160.760550 74.253577
20.883450 -37.415600 160.481235 71.967480
19.174900 -38.513760 160.010777 69.944130
17.516050 -39.260550 159.285160 68.053834
15.838890 -39.714580 158.346673 66.465527
14.191360 -39.829780 157.238432 65.238323
12.634270 -39.672360 156.023045 64.363443
11.172310 -39.260550 154.695131 63.770832
9.789695 -38.629800 153.261372 63.410234
8.497673 -37.738490 151.903150 63.362321
7.308945 -36.616890 150.453387 63.567877
6.256320 -35.282630 148.995544 64.027057
5.377697 -33.729560 147.477711 64.771934
4.666734 -31.994970 145.973157 65.760043
4.118069 -30.087400 144.428651 66.993279
3.675026 -28.058910 142.983977 68.346909
3.306982 -25.913550 141.489972 69.876181
2.950683 -23.671670 139.927604 71.536651
2.589654 -21.354230 138.314471 73.294756
2.235350 -18.941910 136.723354 75.091920
1.883217 -16.438970 135.069978 76.979765
1.539703 -13.883430 133.377206 78.925575
1.229057 -11.374200 131.628247 80.936944
0.914029 -8.934948 130.027873 82.766936
0.572467 -6.591425 128.518356 84.459036
0.172462 -4.328516 126.969519 86.157795
-0.233814 -2.148095 125.504601 87.701005
-0.652500 -0.027237 124.264341 88.923785
-1.128803 2.027763 123.042250 90.048126
-1.682534 4.091749 121.762683 91.127695
-2.326851 6.156888 120.368044 92.209945
-3.006582 8.222648 119.048239 93.149100
