0.000000 0.000000 -0.000000 0.000000
0.059875 0.430540 0.113139 0.588849
0.240194 0.981257 0.338560 1.302289
0.531827 1.620036 0.723685 2.103694
0.999102 2.286905 1.306493 2.963644
1.634196 2.948016 2.231645 3.929012
2.465897 3.579897 3.321585 4.710996
3.507611 4.202254 4.571710 5.355481
4.794196 4.791823 6.046737 5.897562
6.329744 5.330723 7.657733 6.312344
8.109243 5.878028 9.493407 6.665569
10.112010 6.449695 11.575155 7.004551
12.311460 7.000760 13.729938 7.289185
14.649940 7.512325 16.120696 7.516962
17.045990 7.933466 18.584551 7.616366
19.495760 8.228210 21.093452 7.569495
21.992720 8.306307 23.693650 7.288672
24.504830 8.124873 26.129209 6.727997
26.991550 7.679836 28.517697 5.912028
29.438030 6.997717 30.810527 4.867931
31.783040 6.157692 32.884291 3.711763
34.061480 5.135804 35.100259 2.254945
36.249090 3.963231 36.984206 0.835839
38.339410 2.756405 38.849256 -0.650530
40.387000 1.476584 40.736293 -2.176787
42.507450 0.121543 42.612657 -3.690912
44.798470 -1.255569 44.616880 -5.300645
47.253440 -2.652713 46.683670 -6.943524
49.829130 -4.119797 49.021853 -8.792084
52.496600 -5.654198 51.334824 -10.613390
55.197500 -7.201418 53.608824 -12.401759
57.889050 -8.733355 55.876218 -14.186970
60.568300 -10.237180 58.182575 -16.019043
63.209030 -11.720560 60.503633 -17.889513
65.794730 -13.245590 62.716766 -19.707739
68.306160 -14.789450 64.871340 -21.520138
70.774870 -16.359280 67.071071 -23.407396
73.207180 -17.930420 69.134247 -25.212674
75.585180 -19.500110 71.211288 -27.036774
77.976200 -21.045650 73.154713 -28.717916
80.359750 -22.550030 75.282987 -30.526902
82.721600 -24.045560 77.162263 -32.070269
85.130890 -25.457240 79.037728 -33.502812
87.583520 -26.763470 81.012902 -34.898018
90.052030 -27.962520 83.120435 -36.277939
92.567280 -29.055560 85.367867 -37.638517
95.091560 -30.042180 87.768140 -39.010842
97.627970 -30.999950 90.157750 -40.314284
100.184800 -31.914080 92.530891 -41.546419
102.738700 -32.746220 94.998745 -42.718843
105.306500 -33.553570 97.696185 -43.892627
107.889600 -34.298460 100.335474 -44.974937
110.487000 -34.993230 102.912149 -45.970248
113.094500 -35.631080 105.698762 -46.981247
115.714700 -36.218190 108.595561 -47.981651
118.336800 -36.794500 111.437625 -48.918663
120.956100 -37.311260 113.968146 -49.701971
123.575400 -37.808670 116.401192 -50.427245
126.178100 -38.305940 119.002750 -51.191780
128.749000 -38.789160 121.653290 -51.963936
131.294400 -39.254810 124.226129 -52.689447
133.800300 -39.697620 126.659081 -53.344757
136.267300 -40.152820 129.143354 -54.003251
138.705700 -40.571180 131.341690 -54.559736
141.108200 -40.918610 133.675656 -55.089318
143.486200 -41.184130 136.060207 -55.542282
145.827400 -41.344840 138.269376 -55.868451
148.116900 -41.390150 140.621136 -56.115765
150.394500 -41.337850 143.005359 -56.281551
152.640300 -41.243160 145.365707 -56.394598
154.896300 -41.171990 147.524446 -56.478123
157.139500 -41.129290 149.511205 -56.607317
159.364300 -41.123040 151.767417 -56.787714
161.541500 -41.143410 153.918531 -56.966466
163.691100 -41.184580 156.145441 -57.090353
165.794600 -41.169840 158.389332 -57.142344
167.853000 -41.036680 160.792654 -57.102696
169.861400 -40.814300 163.177818 -57.000042
171.785700 -40.498720 165.458491 -56.819027
173.656900 -40.100850 167.635895 -56.553662
175.466100 -39.643440 169.863171 -56.178908
177.238400 -39.176700 171.700338 -55.768371
179.051200 -38.637820 173.550914 -55.295650
180.842400 -38.130090 175.427287 -54.772104
182.654500 -37.585090 177.299535 -54.205358
184.499200 -36.994200 179.068758 -53.569877
186.326400 -36.336250 180.924661 -52.796936
188.179600 -35.586660 182.588765 -51.994302
190.033300 -34.744990 184.222204 -51.117200
191.950900 -33.866980 186.010811 -50.070214
193.922400 -32.984310 187.972473 -48.922326
195.981900 -32.091960 189.989100 -47.732391
198.044700 -31.179470 192.169199 -46.431931
200.096400 -30.282730 194.112412 -45.248313
202.149000 -29.377620 195.860638 -44.199765
204.205200 -28.490440 197.796691 -43.072221
206.280400 -27.683360 199.783864 -41.992722
208.395100 -26.949400 201.649689 -41.086397
210.511400 -26.248260 203.731578 -40.143510
212.653100 -25.542730 205.890808 -39.179200
214.826000 -24.841570 208.127913 -38.190511
217.025900 -24.115450 210.278420 -37.215744
219.237300 -23.317850 212.501690 -36.167539
221.445500 -22.466040 214.725775 -35.085087
223.667300 -21.584010 216.862763 -33.995648
225.887600 -20.687600 218.829152 -32.967662
228.072000 -19.761640 221.209451 -31.703996
230.220200 -18.813360 223.407761 -30.519416
232.380100 -17.819580 225.589824 -29.333739
234.567900 -16.817990 227.755046 -28.135911
236.713000 -15.809910 229.875816 -26.923049
238.851800 -14.765210 232.227492 -25.532958
241.017000 -13.683470 234.400947 -24.204055
243.189400 -12.578710 236.453601 -22.914288
245.303900 -11.468690 238.544070 -21.576253
247.468200 -10.349670 240.617063 -20.237044
249.645100 -9.231011 242.579640 -18.949268
251.806300 -8.090111 244.781084 -17.496549
253.960700 -6.938930 246.677742 -16.210310
256.101100 -5.755645 248.665346 -14.837741
258.215000 -4.543629 250.648140 -13.437491
260.307600 -3.272954 252.511278 -12.069460
262.344400 -1.883065 254.231006 -10.717590
264.302700 -0.414263 255.977667 -9.271849
266.252100 1.068534 257.888981 -7.678964
268.265900 2.447327 259.697808 -6.255426
270.324900 3.759467 261.674737 -4.810150
272.419700 5.022290 263.985021 -3.150560
274.560900 6.266911 266.065902 -1.687878
276.693900 7.483336 268.426052 -0.034593
278.872400 8.703796 270.602397 1.504085
281.097600 9.935075 272.695557 3.015898
283.337500 11.219770 274.787790 4.566831
285.578400 12.544850 276.683642 6.016212
287.831600 13.911530 278.755620 7.664517
290.088700 15.396350 280.800343 9.347269
292.311900 16.932960 282.844181 11.078675
294.493900 18.481610 284.982978 12.943926
296.720900 20.090920 286.984759 14.766186
298.978300 21.804860 289.198587 16.888845
301.361000 23.633810 291.350406 19.093548
303.645300 25.487530 293.527413 21.413614
305.870300 27.427630 295.429399 23.481016
308.019400 29.387000 297.304678 25.554033
310.140700 31.374480 299.210357 27.679628
312.194800 33.399420 301.058535 29.750866
314.189200 35.447230 302.912259 31.862566
316.138800 37.517350 304.756650 33.994621
318.049100 39.628100 306.483897 36.009635
319.943200 41.728570 308.082501 37.875147
321.828600 43.822610 309.776724 39.808576
323.748400 45.934260 311.622047 41.891094
325.706500 48.018020 313.441408 43.927080
327.739600 50.080930 315.260896 45.926580
329.840400 52.117880 317.289675 48.066586
331.997600 54.088750 319.136665 49.959574
334.230000 56.046050 321.292171 52.152236
336.499800 57.995180 323.547754 54.402766
338.816900 59.925620 325.847729 56.654452
341.178100 61.833440 328.208608 58.934431
343.554900 63.722300 330.516006 61.146465
345.957800 65.576790 332.772740 63.294143
348.386500 67.418200 335.017152 65.418151
350.801500 69.229240 337.136425 67.385110
353.254100 71.038830 339.317091 69.381437
355.698600 72.844900 341.700300 71.532124
358.141800 74.650950 343.999591 73.578187
360.583100 76.452920 346.176929 75.498159
363.026300 78.255900 348.315259 77.377696
365.452200 80.044720 350.401810 79.192115
367.845000 81.823410 352.492467 80.984897
370.166400 83.579750 354.483611 82.675373
372.393300 85.288160 356.479709 84.368007
374.497600 86.944540 358.478213 86.060625
376.478000 88.495560 360.382969 87.668786
378.371000 89.933730 362.204693 89.202549
380.183400 91.300940 363.939443 90.643456
381.933000 92.573690 365.694183 92.050662
383.660900 93.763590 367.462984 93.361287
385.476400 94.921870 369.353985 94.637674
387.358800 96.029350 371.132735 95.731163
389.297900 97.086300 372.939060 96.760356
391.333900 98.175050 374.904988 97.841704
393.414000 99.266980 376.798710 98.839108
395.549800 100.322500 378.962232 99.884621
397.704500 101.322500 381.003343 100.784319
399.824200 102.279600 382.970885 101.583113
401.916600 103.140900 384.587742 102.160766
403.950600 103.902700 386.167354 102.654932
405.959700 104.590800 388.136822 103.176004
408.011000 105.108200 390.056094 103.541990
410.135100 105.485400 392.029081 103.791513
412.361000 105.790800 394.268203 103.994293
414.624700 106.058600 396.662811 104.131007
416.897400 106.297800 399.065872 104.230672
419.163900 106.506600 401.269657 104.270549
421.493300 106.727000 403.515335 104.306406
423.737200 106.947800 405.743108 104.357125
425.977100 107.191600 407.945434 104.421004
428.102800 107.420100 410.117125 104.472627
430.149200 107.670800 412.245077 104.508779
432.117500 107.907600 414.101839 104.470317
434.025800 108.008100 416.025695 104.294630
435.758200 108.009100 417.864509 104.000431
437.299000 107.930500 419.569572 103.591296
438.581000 107.769400 420.916177 103.175878
439.666200 107.607000 421.796372 102.859314
440.608900 107.409000 422.542239 102.591765
441.398700 107.289400 423.034428 102.407679
441.992900 107.179100 423.398069 102.278457
442.448600 107.110700 423.852896 102.111983
442.905900 107.038600 424.126528 102.026516
443.346800 107.014100 424.429967 101.942599
443.836000 106.989300 424.785809 101.852123
444.473000 106.989500 425.314997 101.730236
445.205500 106.946300 425.917790 101.622642
446.012900 106.953300 426.554347 101.547563
446.902800 107.033600 427.190304 101.517898
447.889800 107.210000 427.947184 101.541274
448.987400 107.446500 428.810718 101.639041
450.189500 107.822200 429.806833 101.825578
451.491100 108.402100 431.234032 102.156297
452.928900 109.084800 432.738350 102.613451
454.502200 109.798100 434.434125 103.264993
456.158200 110.666600 436.382608 104.117627
457.971900 111.646100 438.433120 105.091030
459.877400 112.735800 440.392555 106.063481
461.883200 113.914900 442.391387 107.067960
463.988700 115.182000 444.512009 108.143604
466.175500 116.517700 446.678295 109.263000
468.435400 117.924700 448.939978 110.436508
470.781100 119.404400 451.254201 111.646941
473.219400 120.926800 453.659497 112.913317
475.743400 122.510800 456.208150 114.263586
478.344300 124.160400 458.843861 115.662474
480.992000 125.864000 461.653632 117.155659
483.679900 127.592900 464.584541 118.692553
486.447600 129.273600 467.629265 120.213134
489.320000 130.826500 470.793628 121.615530
492.282900 132.213200 474.086739 122.859124
495.358000 133.438200 477.179301 123.774995
498.513800 134.409800 480.302770 124.418555
501.751100 135.064200 483.584374 124.808784
505.042300 135.427700 486.972238 124.956833
508.395000 135.556900 490.114311 124.877131
511.770400 135.475700 493.159512 124.584589
515.185000 135.299200 496.376813 124.176556
518.623000 135.097900 499.780523 123.676441
522.144800 134.847000 503.207173 123.145702
525.734400 134.578800 506.730177 122.590301
529.399100 134.293800 510.444636 122.003029
533.133700 134.010400 514.174790 121.409268
536.936600 133.686300 518.081285 120.766814
540.806000 133.326000 521.931882 120.100643
544.802000 132.892300 525.938558 119.369485
548.848400 132.415900 529.441855 118.703014
552.948000 131.900800 533.157739 117.974720
557.104100 131.327900 537.163342 117.144779
561.317500 130.706600 541.463986 116.220204
565.599800 130.051200 545.605587 115.323403
569.941500 129.367300 550.059402 114.353136
574.351700 128.666500 554.563137 113.366062
578.779700 127.953800 558.951972 112.399385
583.237100 127.258900 563.162360 111.468841
587.713000 126.567300 567.278742 110.553658
592.202000 125.884700 571.741532 109.559965
596.683800 125.215200 576.165402 108.573992
601.149700 124.558400 580.643371 107.575196
605.601500 123.870200 585.043248 106.592802
610.038700 123.194200 589.228148 105.661208
614.483600 122.547100 593.710423 104.663593
618.926400 121.903400 598.251361 103.654420
623.350300 121.254400 602.556498 102.703040
627.741900 120.615400 606.874816 101.753241
632.071600 120.016600 611.116014 100.823998
636.318800 119.412600 615.066792 99.960938
640.484000 118.825100 619.228776 99.054067
644.497600 118.256100 623.351847 98.155756
648.278400 117.698400 627.180374 97.321632
651.817400 117.176000 630.902213 96.513419
655.064500 116.712400 633.963018 95.847185
657.980700 116.314200 636.597711 95.267452
660.526400 115.964600 638.922821 94.746973
662.701100 115.630800 640.930018 94.246961
664.544000 115.185100 642.524629 93.661128
666.220700 114.557800 643.720627 92.999693
667.731400 113.722400 644.795086 92.096154
668.815500 112.652100 645.599340 91.018475
669.721700 111.420600 646.132290 89.804335
670.375000 110.040000 646.458756 88.316010
670.743500 108.532100 646.459181 86.850960
670.853700 106.905800 646.153615 85.397937
670.479600 105.203700 645.526356 83.931912
669.886200 103.505000 644.576081 82.544521
668.934000 101.811700 643.222948 81.060214
667.713400 100.128500 641.688316 79.742846
666.284600 98.431790 639.978540 78.454712
664.691900 96.730170 638.064601 77.177931
662.951100 95.069520 635.903823 75.920160
661.045400 93.515090 633.623512 74.832447
658.978100 92.108080 631.225581 73.952101
656.784000 90.796840 628.850087 73.243860
654.501500 89.445100 626.551616 72.571469
652.178300 88.060580 624.126065 71.828095
649.787300 86.622730 621.639933 71.034857
647.361600 85.108610 619.094623 70.197059
644.842400 83.549870 616.638647 69.379421
642.252000 81.948280 613.773126 68.438245
639.681300 80.324390 610.954665 67.528485
637.149300 78.658370 608.186925 66.642139
634.666500 76.993840 605.228657 65.695677
632.251900 75.355150 602.470582 64.812783
629.879500 73.738570 599.672265 63.913762
627.590500 72.163550 597.074600 63.085311
625.387200 70.610050 594.814091 62.368869
623.318500 69.115660 593.219898 61.871362
621.410500 67.709240 590.886275 61.139207
619.670100 66.436970 588.744350 60.465294
618.153900 65.289110 587.011866 59.917563
616.867100 64.327580 585.478110 59.429479
615.819600 63.530860 584.766604 59.203158
614.973800 62.932120 584.165106 59.013324
614.330800 62.461620 583.858396 58.923763
613.811100 62.069300 583.618361 58.854772
613.313200 61.694250 583.412443 58.798120
612.830400 61.322490 583.148389 58.724474
612.348000 60.956790 583.004562 58.688841
611.900500 60.618970 582.909866 58.667313
611.476100 60.298910 582.820481 58.647269
611.109300 60.011850 582.711516 58.621242
610.766100 59.758400 582.496387 58.559292
610.434000 59.483890 582.412737 58.540058
610.127300 59.236310 582.225395 58.488228
609.810600 58.983200 581.991946 58.423996
609.426900 58.683240 581.793324 58.367098
608.885000 58.245010 581.579203 58.292237
608.141400 57.643250 581.052513 58.081008
607.226200 56.864850 580.315372 57.792289
606.175100 55.922830 579.674084 57.497421
604.988800 54.815760 578.304912 56.876327
603.721000 53.539790 576.929970 56.199251
602.357600 52.129810 575.251716 55.334056
600.872200 50.598950 573.340592 54.334147
599.313100 48.940800 571.500093 53.368550
597.636500 47.153860 569.487222 52.295206
595.881100 45.248230 567.459173 51.202698
594.057800 43.236600 565.251414 50.004742
592.228600 41.166150 563.034238 48.796267
590.416500 39.097260 560.933440 47.647627
588.589700 37.035950 558.651386 46.400295
586.727400 34.953000 556.280180 45.104701
584.835300 32.869090 553.836482 43.770551
582.909900 30.778460 551.237566 42.351630
580.956400 28.682870 548.649675 40.935861
578.981900 26.559660 546.071879 39.509075
576.989600 24.412110 543.542931 38.103691
575.013400 22.261790 540.951973 36.653600
573.061000 20.092300 538.399096 35.207158
571.135300 17.941960 535.817280 33.729685
569.253000 15.812370 533.595375 32.440690
567.402800 13.684550 531.206172 31.034691
565.597000 11.594760 528.926806 29.687079
563.776800 9.568871 526.476397 28.221741
562.016200 7.610878 524.269498 26.917643
560.357800 5.761759 522.207912 25.744417
558.790600 4.059161 520.454462 24.749792
557.388800 2.556647 518.327079 23.554877
556.166300 1.224300 516.426985 22.508236
555.086800 0.038120 515.051363 21.780003
554.091900 -1.065239 513.471495 20.950949
553.156200 -2.093206 511.734443 20.052997
552.265400 -3.039119 510.419168 19.363129
551.446200 -3.918816 509.243300 18.740193
550.714900 -4.709150 508.219740 18.195038
550.055400 -5.411455 507.610710 17.874360
549.472200 -6.063502 507.022594 17.563935
548.991400 -6.627882 506.793216 17.447152
548.582100 -7.090666 506.619693 17.359462
548.257600 -7.479973 506.364171 17.229284
547.987500 -7.803179 506.182879 17.140058
547.768900 -8.070234 506.003449 17.050524
547.592600 -8.293718 505.940837 17.024963
547.438700 -8.468806 505.910586 17.018424
547.312300 -8.609266 505.884964 17.013226
547.212800 -8.727030 505.936209 17.049168
547.137900 -8.816118 505.988961 17.087575
547.093000 -8.878200 506.078104 17.145449
547.069500 -8.915003 506.136273 17.185281
547.040300 -8.948208 506.193516 17.225436
546.977500 -9.002351 506.272331 17.276774
546.906300 -9.075048 506.392612 17.351093
546.823300 -9.175395 506.526311 17.432240
546.717900 -9.307750 506.622696 17.492930
546.577700 -9.471357 506.704368 17.546214
546.411500 -9.667371 506.810423 17.611140
546.222400 -9.896104 506.950477 17.694927
546.013600 -10.141830 507.063816 17.764075
545.783400 -10.398320 507.125876 17.806684
545.569500 -10.646660 507.052970 17.778335
545.387700 -10.868510 506.978130 17.747590
545.242600 -11.049650 506.832871 17.679849
