0 0.000540 0.138971 100.000000 3.571429
0 0.000355 0.076879 200.000000 5.586592
0 0.000180 0.070442 300.000000 6.944445
0 0.000197 0.065291 400.000000 7.662835
0 0.000116 0.046606 500.000000 8.305648
0 0.000244 0.028390 600.000000 9.389671
0 0.000282 0.007792 700.000000 10.248902
0 0.000249 0.011263 800.000000 10.680908
10 0.000506 0.126237 100.000000 3.690037
10 0.000338 0.067481 200.000000 5.730659
10 0.000165 0.064310 300.000000 7.092198
10 0.000199 0.059069 400.000000 7.797271
10 0.000119 0.041703 500.000000 8.431704
10 0.000249 0.024812 600.000000 9.523809
10 0.000283 0.006086 700.000000 10.401189
10 0.000252 0.012883 800.000000 10.810811
20 0.000505 0.127682 100.000000 3.787879
20 0.000377 0.068911 200.000000 5.847953
20 0.000166 0.064487 300.000000 7.211538
20 0.000143 0.058307 400.000000 7.905138
20 0.000122 0.040441 500.000000 8.547009
20 0.000246 0.024220 600.000000 9.661836
20 0.000284 0.005886 700.000000 10.526316
20 0.000261 0.013539 800.000000 10.914052
30 0.000513 0.127396 100.000000 3.861004
30 0.000409 0.072323 200.000000 5.952381
30 0.000171 0.065733 300.000000 7.299270
30 0.000140 0.057646 400.000000 7.984032
30 0.000127 0.040575 500.000000 8.665511
30 0.000233 0.023664 600.000000 9.771987
30 0.000285 0.004864 700.000000 10.638298
30 0.000297 0.013970 800.000000 10.989011
40 0.000337 0.121212 100.000000 3.906250
40 0.000349 0.066601 200.000000 6.006006
40 0.000130 0.056706 300.000000 7.371007
40 0.000104 0.045961 400.000000 8.016032
40 0.000103 0.032598 500.000000 8.756567
40 0.000241 0.019024 600.000000 9.868421
40 0.000266 0.005273 700.000000 10.719755
40 0.000294 0.016296 800.000000 11.034483
50 0.000187 0.121695 100.000000 3.937008
50 0.000243 0.064500 200.000000 6.060606
50 0.000106 0.051342 300.000000 7.407407
50 0.000065 0.039545 400.000000 8.016032
50 0.000089 0.027195 500.000000 8.865249
50 0.000249 0.016843 600.000000 9.966778
50 0.000254 0.006617 700.000000 10.819165
50 0.000244 0.018461 800.000000 11.049724
60 0.000167 0.103328 100.000000 4.081633
60 0.000223 0.054732 200.000000 6.230530
60 0.000106 0.044003 300.000000 7.575758
60 0.000104 0.032515 400.000000 8.130081
60 0.000073 0.022632 500.000000 9.009009
60 0.000244 0.014300 600.000000 10.118044
60 0.000247 0.009173 700.000000 10.954617
60 0.000220 0.020155 800.000000 11.173184
70 0.000129 0.096473 100.000000 4.255319
70 0.000199 0.050195 200.000000 6.430868
70 0.000088 0.040332 300.000000 7.772021
70 0.000091 0.029594 400.000000 8.298756
70 0.000078 0.020649 500.000000 9.174312
70 0.000250 0.013784 600.000000 10.291595
70 0.000251 0.010070 700.000000 11.128776
70 0.000222 0.020744 800.000000 11.331445
80 0.000112 0.093228 100.000000 4.444445
80 0.000191 0.047873 200.000000 6.644518
80 0.000084 0.038247 300.000000 7.978724
80 0.000090 0.027861 400.000000 8.474576
80 0.000077 0.019483 500.000000 9.345795
80 0.000249 0.013517 600.000000 10.471204
80 0.000249 0.010594 700.000000 11.308562
80 0.000220 0.021030 800.000000 11.494253
90 0.000097 0.088379 100.000000 4.651163
90 0.000185 0.044826 200.000000 6.872852
90 0.000081 0.035750 300.000000 8.196721
90 0.000090 0.025831 400.000000 8.658009
90 0.000075 0.018106 500.000000 9.523809
90 0.000247 0.013227 600.000000 10.657193
90 0.000248 0.011328 700.000000 11.494253
90 0.000219 0.021485 800.000000 11.661808
100 0.000084 0.083175 100.000000 4.878049
100 0.000180 0.041732 200.000000 7.117438
100 0.000078 0.033347 300.000000 8.426967
100 0.000090 0.023913 400.000000 8.849558
100 0.000074 0.016823 500.000000 9.708738
100 0.000247 0.013027 600.000000 10.849910
100 0.000247 0.012089 700.000000 11.686144
100 0.000218 0.021986 800.000000 11.834319
110 0.000087 0.082032 100.000000 5.128205
110 0.000181 0.041279 200.000000 7.380074
110 0.000079 0.033162 300.000000 8.670520
110 0.000090 0.023799 400.000000 9.049774
110 0.000074 0.016719 500.000000 9.900990
110 0.000246 0.012981 600.000000 11.049724
110 0.000247 0.012223 700.000000 11.884550
110 0.000218 0.022110 800.000000 12.012012
120 0.000094 0.079248 100.000000 5.405406
120 0.000184 0.040221 200.000000 7.662835
120 0.000080 0.032792 300.000000 8.928572
120 0.000090 0.023599 400.000000 9.259259
120 0.000075 0.016512 500.000000 10.101010
120 0.000247 0.012873 600.000000 11.257035
120 0.000248 0.012542 700.000000 12.089810
120 0.000218 0.022417 800.000000 12.195122
130 0.000092 0.070572 100.000000 5.714286
130 0.000183 0.035937 200.000000 7.968128
130 0.000080 0.030130 300.000000 9.202454
130 0.000090 0.021613 400.000000 9.478673
130 0.000075 0.015118 500.000000 10.309278
130 0.000247 0.012700 600.000000 11.472276
130 0.000247 0.013701 700.000000 12.302284
130 0.000218 0.023319 800.000000 12.383901
140 0.000079 0.061724 100.000000 6.060606
140 0.000178 0.031072 200.000000 8.298756
140 0.000077 0.026726 300.000000 9.493670
140 0.000090 0.018999 400.000000 9.708738
140 0.000074 0.013496 500.000000 10.526316
140 0.000246 0.012806 600.000000 11.695907
140 0.000246 0.014985 700.000000 12.522362
140 0.000217 0.024232 800.000000 12.578616
150 0.000063 0.057043 100.000000 6.451613
150 0.000172 0.028103 200.000000 8.658009
150 0.000074 0.024378 300.000000 9.803922
150 0.000090 0.017167 400.000000 9.950249
150 0.000074 0.012529 500.000000 10.752688
150 0.000245 0.013083 600.000000 11.928430
150 0.000245 0.015724 700.000000 12.750455
150 0.000216 0.024694 800.000000 12.779552
160 0.000043 0.050915 100.000000 6.896552
160 0.000163 0.024163 200.000000 9.049774
160 0.000070 0.021254 300.000000 10.135135
160 0.000091 0.014781 400.000000 10.204082
160 0.000072 0.011447 500.000000 10.989011
160 0.000244 0.013570 600.000000 12.170385
160 0.000243 0.016710 700.000000 12.987013
160 0.000213 0.025304 800.000000 12.987013
170 0.000021 0.038224 100.000000 7.407407
170 0.000153 0.016933 200.000000 9.478673
170 0.000066 0.016392 300.000000 10.489511
170 0.000091 0.011443 400.000000 10.471204
170 0.000071 0.010439 500.000000 11.235955
170 0.000242 0.014742 600.000000 12.422360
170 0.000241 0.018637 700.000000 13.232514
170 0.000211 0.026642 800.000000 13.201320
180 0.000027 0.023532 100.000000 8.000000
180 0.000140 0.008483 200.000000 9.950249
180 0.000061 0.011422 300.000000 10.869565
180 0.000093 0.009008 400.000000 10.752688
180 0.000071 0.010899 500.000000 11.494253
180 0.000241 0.016696 600.000000 12.684989
180 0.000239 0.020918 700.000000 13.487476
180 0.000208 0.028199 800.000000 13.422819
190 0.000047 0.012302 100.000000 8.695652
190 0.000132 0.003789 200.000000 10.471204
190 0.000059 0.009787 300.000000 11.278195
190 0.000094 0.009384 400.000000 11.049724
190 0.000071 0.012290 500.000000 11.764706
190 0.000240 0.018354 600.000000 12.958963
190 0.000237 0.022668 700.000000 13.752456
190 0.000206 0.029452 800.000000 13.651877
200 0.000065 0.004271 100.000000 9.523809
200 0.000126 0.006486 200.000000 11.049724
200 0.000058 0.010604 300.000000 11.718750
200 0.000095 0.011247 400.000000 11.363636
200 0.000072 0.014176 500.000000 12.048193
200 0.000240 0.020074 600.000000 13.245033
200 0.000236 0.024367 700.000000 14.028056
200 0.000205 0.030691 800.000000 13.888889
210 0.000091 0.011887 100.000000 10.526316
210 0.000104 0.011808 200.000000 11.695907
210 0.000045 0.012914 300.000000 12.195122
210 0.000089 0.013789 400.000000 11.695907
210 0.000079 0.016344 500.000000 12.345679
210 0.000245 0.021895 600.000000 13.544018
210 0.000239 0.025969 700.000000 14.314928
210 0.000207 0.031857 800.000000 14.134275
220 0.000145 0.029454 100.000000 11.494253
220 0.000077 0.020617 200.000000 12.269938
220 0.000046 0.018670 300.000000 12.552301
220 0.000083 0.020362 400.000000 11.904762
220 0.000081 0.019760 500.000000 12.626263
220 0.000246 0.024967 600.000000 13.824884
220 0.000237 0.028575 700.000000 14.583333
220 0.000201 0.033785 800.000000 14.311270
230 0.000143 0.038203 100.000000 12.195122
230 0.000109 0.025671 200.000000 12.658228
230 0.000057 0.022680 300.000000 12.875537
230 0.000113 0.024130 400.000000 12.048193
230 0.000076 0.022551 500.000000 12.886598
230 0.000251 0.026715 600.000000 14.084507
230 0.000234 0.030219 700.000000 14.767933
230 0.000237 0.022352 800.000000 10.796222
240 0.000174 0.040812 100.000000 12.820513
240 0.000136 0.024165 200.000000 12.987013
240 0.000061 0.021928 300.000000 13.043478
240 0.000104 0.022460 400.000000 12.158054
240 0.000082 0.023595 500.000000 13.123360
240 0.000268 0.026891 600.000000 14.285714
240 0.000240 0.030286 700.000000 14.893617
240 0.000240 0.024914 800.000000 10.738256
250 0.000417 0.019448 100.000000 12.820513
250 0.000134 0.015690 200.000000 13.071896
250 0.000069 0.017251 300.000000 12.987013
250 0.000125 0.017338 400.000000 12.195122
250 0.000085 0.019792 500.000000 13.333333
250 0.000266 0.024600 600.000000 14.423077
250 0.000223 0.029100 700.000000 14.893617
250 0.000234 0.028439 800.000000 10.695188
260 0.000606 0.020796 100.000000 12.658228
260 0.000112 0.012577 200.000000 12.987013
260 0.000057 0.013473 300.000000 12.552301
260 0.000105 0.015780 400.000000 12.158054
260 0.000059 0.019130 500.000000 13.513514
260 0.000272 0.023831 600.000000 14.563107
260 0.000221 0.029402 700.000000 14.893617
260 0.000267 0.031663 800.000000 10.695188
270 0.000307 0.025621 100.000000 12.658228
270 0.000108 0.012923 200.000000 12.987013
270 0.000062 0.012273 300.000000 12.345679
270 0.000081 0.015233 400.000000 12.232416
270 0.000242 0.019607 500.000000 13.698630
270 0.000270 0.024312 600.000000 14.705882
270 0.000153 0.030348 700.000000 14.861996
270 0.000289 0.035028 800.000000 10.695188
280 0.000232 0.025966 100.000000 12.658228
280 0.000079 0.012488 200.000000 13.071896
280 0.000199 0.012444 300.000000 12.345679
280 0.000079 0.014949 400.000000 12.383901
280 0.000259 0.021131 500.000000 13.888889
280 0.000276 0.024813 600.000000 14.851485
280 0.000240 0.031306 700.000000 14.861996
280 0.000301 0.038892 800.000000 10.695188
290 0.000400 0.019164 100.000000 12.820513
290 0.000082 0.013749 200.000000 13.071896
290 0.000044 0.012732 300.000000 12.345679
290 0.000094 0.015698 400.000000 12.578616
290 0.000242 0.022015 500.000000 14.084507
290 0.000274 0.025981 600.000000 15.000000
290 0.000305 0.031955 700.000000 14.893617
290 0.000304 0.043062 800.000000 10.680908
300 0.000316 0.010214 100.000000 12.820513
300 0.000087 0.013978 200.000000 13.157895
300 0.000054 0.010464 300.000000 12.195122
300 0.000106 0.014535 400.000000 12.779552
300 0.000288 0.021341 500.000000 14.245014
300 0.000281 0.026817 600.000000 15.151515
300 0.000253 0.034037 700.000000 14.861996
300 0.000298 0.046634 800.000000 10.680908
310 0.000185 0.006415 100.000000 12.820513
310 0.000084 0.012190 200.000000 13.071896
310 0.000101 0.012388 300.000000 11.904762
310 0.000085 0.012842 400.000000 12.987013
310 0.000298 0.020336 500.000000 14.450867
310 0.000276 0.027073 600.000000 15.228426
310 0.000282 0.025369 700.000000 10.606061
310 0.000286 0.050238 800.000000 10.680908
320 0.000347 0.016702 100.000000 12.987013
320 0.000164 0.023785 200.000000 13.071896
320 0.000172 0.024814 300.000000 11.904762
320 0.000125 0.025253 400.000000 13.245033
320 0.000297 0.028229 500.000000 14.619883
320 0.000250 0.030524 600.000000 15.267176
320 0.000264 0.032152 700.000000 10.447762
320 0.000257 0.053699 800.000000 10.680908
330 0.000259 0.026808 100.000000 12.987013
330 0.000160 0.032205 200.000000 12.820513
330 0.000047 0.018738 300.000000 11.904762
330 0.000193 0.003704 400.000000 13.468014
330 0.000346 0.014343 500.000000 14.792899
330 0.000285 0.030145 600.000000 15.267176
330 0.000330 0.031141 700.000000 10.432191
330 0.000315 0.057217 800.000000 10.680908
340 0.000429 0.053362 100.000000 12.987013
340 0.000256 0.053098 200.000000 12.195122
340 0.000146 0.032932 300.000000 11.904762
340 0.000265 0.018394 400.000000 13.745705
340 0.000399 0.013636 500.000000 14.970060
340 0.000327 0.033757 600.000000 15.267176
340 0.000395 0.031482 700.000000 10.432191
340 0.000343 0.059939 800.000000 10.680908
350 0.000390 0.029276 100.000000 13.157895
350 0.000162 0.025269 200.000000 12.048193
350 0.000039 0.021160 300.000000 12.048193
350 0.000265 0.011785 400.000000 13.986014
350 0.000308 0.022615 500.000000 15.151515
350 0.000221 0.033743 600.000000 15.267176
350 0.000346 0.042409 700.000000 10.432191
350 0.000116 0.062390 800.000000 10.680908
360 0.000253 0.032760 100.000000 13.157895
360 0.000181 0.030093 200.000000 12.048193
360 0.000170 0.033416 300.000000 12.295082
360 0.000340 0.038621 400.000000 14.234876
360 0.000329 0.033664 500.000000 15.384615
360 0.000290 0.034053 600.000000 15.267176
360 0.000326 0.048813 700.000000 10.432191
360 0.000218 0.062796 800.000000 10.680908
370 0.000348 0.046371 100.000000 13.157895
370 0.000156 0.042610 200.000000 11.976048
370 0.000219 0.043498 300.000000 12.500000
370 0.000355 0.046765 400.000000 14.440434
370 0.000327 0.037697 500.000000 15.527950
370 0.000340 0.037229 600.000000 15.228426
370 0.000317 0.053667 700.000000 10.416667
370 0.000200 0.061866 800.000000 10.680908
380 0.000150 0.030384 100.000000 13.157895
380 0.000161 0.027342 200.000000 11.627907
380 0.000176 0.030684 300.000000 12.765958
380 0.000389 0.036344 400.000000 14.652015
380 0.000345 0.033740 500.000000 15.673982
380 0.000281 0.038073 600.000000 15.151515
380 0.000330 0.054877 700.000000 10.416667
380 0.000164 0.062151 800.000000 10.666667
390 0.000084 0.019898 100.000000 13.157895
390 0.000157 0.011789 200.000000 11.363636
390 0.000175 0.014336 300.000000 13.100436
390 0.000439 0.024684 400.000000 14.925373
390 0.000363 0.033429 500.000000 15.772871
390 0.000357 0.028009 600.000000 10.169492
390 0.000348 0.057323 700.000000 10.401189
390 0.000153 0.062778 800.000000 10.666667
400 0.000114 0.024902 100.000000 12.820513
400 0.000150 0.009387 200.000000 11.299435
400 0.000209 0.014301 300.000000 13.392858
400 0.000447 0.024824 400.000000 15.094339
400 0.000358 0.036412 500.000000 15.723270
400 0.000357 0.031975 600.000000 10.067114
400 0.000348 0.061066 700.000000 10.401189
400 0.000166 0.062765 800.000000 10.652463
410 0.000094 0.022870 100.000000 11.764706
410 0.000145 0.012158 200.000000 11.299435
410 0.000184 0.018737 300.000000 13.698630
410 0.000455 0.027110 400.000000 15.325670
410 0.000351 0.038458 500.000000 15.723270
410 0.000388 0.036936 600.000000 10.067114
410 0.000333 0.065089 700.000000 10.385756
410 0.000166 0.063000 800.000000 10.652463
420 0.000076 0.018990 100.000000 10.989011
420 0.000241 0.011875 200.000000 11.363636
420 0.000449 0.021077 300.000000 14.018692
420 0.000455 0.029217 400.000000 15.564202
420 0.000292 0.040951 500.000000 15.723270
420 0.000420 0.041372 600.000000 10.067114
420 0.000224 0.068375 700.000000 10.385756
420 0.000165 0.063501 800.000000 10.638298
430 0.000724 0.017205 100.000000 10.989011
430 0.000215 0.016038 200.000000 11.627907
430 0.000478 0.027934 300.000000 14.354067
430 0.000449 0.031331 400.000000 15.810277
430 0.000375 0.040011 500.000000 15.723270
430 0.000420 0.048401 600.000000 10.050251
430 0.000198 0.069675 700.000000 10.385756
430 0.000185 0.063275 800.000000 10.638298
440 0.000161 0.012240 100.000000 10.869565
440 0.000254 0.019390 200.000000 11.904762
440 0.000437 0.031656 300.000000 14.705882
440 0.000443 0.033690 400.000000 16.064257
440 0.000444 0.039480 500.000000 15.673982
440 0.000419 0.053758 600.000000 10.050251
440 0.000205 0.069263 700.000000 10.370370
440 0.000185 0.063018 800.000000 10.624170
450 0.000130 0.010181 100.000000 10.526316
450 0.000279 0.022065 200.000000 12.269938
450 0.000500 0.032987 300.000000 15.000000
450 0.000442 0.035249 400.000000 16.326530
450 0.000381 0.042025 500.000000 15.625000
450 0.000404 0.058414 600.000000 10.033444
450 0.000185 0.068726 700.000000 10.370370
450 0.000190 0.062939 800.000000 10.526316
460 0.000353 0.022602 100.000000 10.000000
460 0.000271 0.022584 200.000000 12.738853
460 0.000544 0.033240 300.000000 15.306123
460 0.000445 0.038509 400.000000 16.460905
460 0.000409 0.028585 500.000000 9.920635
460 0.000393 0.062517 600.000000 10.050251
460 0.000174 0.069515 700.000000 10.370370
460 0.000257 0.063544 800.000000 10.484928
470 0.000399 0.018373 100.000000 9.900990
470 0.000234 0.026829 200.000000 13.157895
470 0.000593 0.033131 300.000000 15.625000
470 0.000444 0.041922 400.000000 16.528925
470 0.000422 0.036748 500.000000 9.652510
470 0.000396 0.068698 600.000000 10.033444
470 0.000197 0.071416 700.000000 10.355030
470 0.000265 0.065810 800.000000 10.484928
480 0.000376 0.013478 100.000000 10.101010
480 0.000308 0.026141 200.000000 13.793103
480 0.000594 0.033195 300.000000 16.129032
480 0.000439 0.045034 400.000000 16.666666
480 0.000415 0.038706 500.000000 9.652510
480 0.000386 0.070536 600.000000 10.067114
480 0.000198 0.070150 700.000000 10.385756
480 0.000252 0.064707 800.000000 10.512484
490 0.000894 0.013599 100.000000 10.526316
490 0.000367 0.028232 200.000000 14.492754
490 0.000607 0.034486 300.000000 16.666666
490 0.000432 0.046297 400.000000 16.949152
490 0.000444 0.041775 500.000000 9.727627
490 0.000387 0.072870 600.000000 10.135135
490 0.000195 0.070076 700.000000 10.447762
490 0.000252 0.064821 800.000000 10.568031
500 0.000417 0.019076 100.000000 11.111111
500 0.000436 0.032646 200.000000 15.267176
500 0.000589 0.036898 300.000000 17.341040
500 0.000425 0.046830 400.000000 17.316017
500 0.000466 0.045045 500.000000 9.803922
500 0.000388 0.074764 600.000000 10.204082
500 0.000193 0.069383 700.000000 10.526316
500 0.000253 0.063596 800.000000 10.638298
510 0.000476 0.019672 100.000000 11.627907
510 0.000657 0.034077 200.000000 16.129032
510 0.000589 0.039702 300.000000 17.964071
510 0.000322 0.050359 400.000000 17.467249
510 0.000492 0.047801 500.000000 9.861933
510 0.000216 0.077077 600.000000 10.256411
510 0.000192 0.069337 700.000000 10.574018
510 0.000242 0.063286 800.000000 10.652463
520 0.000588 0.053407 100.000000 12.195122
520 0.000626 0.046743 200.000000 16.806723
520 0.000525 0.060304 300.000000 18.404907
520 0.000325 0.069019 400.000000 17.467249
520 0.000454 0.080431 500.000000 9.861933
520 0.000201 0.090998 600.000000 10.256411
520 0.000201 0.077701 700.000000 10.574018
530 0.000415 0.029002 100.000000 12.820513
530 0.000601 0.041464 200.000000 17.543859
530 0.000553 0.040567 300.000000 18.867924
530 0.000533 0.045015 400.000000 17.467249
530 0.000487 0.061940 500.000000 9.861933
530 0.000244 0.077061 600.000000 10.273973
530 0.000205 0.067198 700.000000 10.558069
540 0.000458 0.033783 100.000000 13.888889
540 0.000692 0.043577 200.000000 18.348623
540 0.000550 0.041449 300.000000 19.480520
540 0.000496 0.046643 400.000000 17.621145
540 0.000471 0.067401 500.000000 9.881423
540 0.000207 0.077176 600.000000 10.291595
540 0.000206 0.067402 700.000000 10.510510
550 0.000574 0.034792 100.000000 15.384615
550 0.000835 0.050349 200.000000 19.417477
550 0.000630 0.052873 300.000000 20.270269
550 0.000477 0.054729 400.000000 17.699116
550 0.000512 0.068292 500.000000 9.960159
550 0.000192 0.079378 600.000000 10.362695
550 0.000244 0.072967 700.000000 10.494753
560 0.000616 0.019157 100.000000 17.543859
560 0.000798 0.041828 200.000000 20.833334
560 0.000607 0.065516 300.000000 20.833334
560 0.000552 0.027846 400.000000 9.803922
560 0.000509 0.073106 500.000000 10.020041
560 0.000157 0.079933 600.000000 10.416667
560 0.000258 0.071041 700.000000 10.542169
570 0.000636 0.034449 100.000000 19.230770
570 0.000886 0.052464 200.000000 21.739130
570 0.000615 0.074445 300.000000 21.126760
570 0.000574 0.035297 400.000000 9.546539
570 0.000514 0.079380 500.000000 10.040160
570 0.000177 0.081363 600.000000 10.416667
570 0.000248 0.071606 700.000000 10.542169
580 0.000797 0.049098 100.000000 21.739130
580 0.000926 0.063454 200.000000 22.727272
580 0.000611 0.084036 300.000000 20.979021
580 0.000609 0.044119 400.000000 9.501187
580 0.000530 0.087016 500.000000 10.020041
580 0.000180 0.083197 600.000000 10.416667
580 0.000234 0.073242 700.000000 10.542169
590 0.000697 0.046382 100.000000 24.390244
590 0.000815 0.064172 200.000000 23.809525
590 0.000533 0.082247 300.000000 20.979021
590 0.000612 0.052596 400.000000 9.501187
590 0.000488 0.088069 500.000000 10.020041
590 0.000150 0.077844 600.000000 10.416667
590 0.000232 0.065950 700.000000 10.542169
600 0.001002 0.046408 100.000000 25.641026
600 0.000709 0.052500 200.000000 24.390244
600 0.000513 0.061850 300.000000 20.270269
600 0.000572 0.064396 400.000000 9.389671
600 0.000204 0.086224 500.000000 9.920635
600 0.000195 0.068487 600.000000 10.327023
600 0.000255 0.061028 700.000000 10.355030
610 0.000995 0.049692 100.000000 25.641026
610 0.000674 0.058102 200.000000 23.809525
610 0.000609 0.060888 300.000000 19.108280
610 0.000562 0.074445 400.000000 9.195402
610 0.000176 0.081425 500.000000 9.765625
610 0.000182 0.062754 600.000000 10.084034
620 0.001467 0.056110 100.000000 24.390244
620 0.000759 0.070049 200.000000 21.978022
620 0.000606 0.082090 300.000000 8.174387
620 0.000516 0.103756 400.000000 8.948545
620 0.000240 0.096220 500.000000 9.523809
620 0.000356 0.080876 600.000000 9.787929
630 0.000940 0.044360 100.000000 22.727272
630 0.000452 0.054580 200.000000 19.417477
630 0.000613 0.073673 300.000000 7.874016
630 0.000462 0.092954 400.000000 8.714597
630 0.000206 0.066449 500.000000 9.310987
630 0.000336 0.054724 600.000000 9.615385
640 0.000670 0.041867 100.000000 21.739130
640 0.000569 0.044635 200.000000 17.699116
640 0.000636 0.081892 300.000000 7.653061
640 0.000317 0.084800 400.000000 8.528785
640 0.000250 0.052465 500.000000 9.140768
650 0.000502 0.041885 100.000000 21.276596
650 0.000499 0.037962 200.000000 16.260162
650 0.000564 0.091097 300.000000 7.500000
650 0.000301 0.080346 400.000000 8.368201
650 0.000327 0.049377 500.000000 8.865249
660 0.000369 0.041118 100.000000 19.230770
660 0.000544 0.126105 200.000000 6.097561
660 0.000424 0.097152 300.000000 7.371007
660 0.000386 0.078032 400.000000 8.247422
660 0.000539 0.063747 500.000000 8.726004
670 0.000257 0.031661 100.000000 16.949152
670 0.000599 0.133665 200.000000 5.934718
670 0.000375 0.108403 300.000000 7.228916
670 0.000427 0.075414 400.000000 8.130081
670 0.000539 0.078179 500.000000 8.620689
680 0.000551 0.029157 100.000000 15.151515
680 0.000660 0.142940 200.000000 5.797101
680 0.000422 0.108349 300.000000 7.109005
680 0.000470 0.073420 400.000000 8.000000
680 0.000526 0.091769 500.000000 8.431704
690 0.001031 0.026736 100.000000 13.698630
690 0.000667 0.151612 200.000000 5.681818
690 0.000572 0.108696 300.000000 6.993007
690 0.000468 0.072631 400.000000 7.843137
700 0.000461 0.024629 100.000000 12.195122
700 0.000557 0.150841 200.000000 5.617978
700 0.000513 0.108200 300.000000 6.928406
700 0.000650 0.076701 400.000000 7.662835
710 0.000798 0.279267 100.000000 3.610108
710 0.000488 0.152532 200.000000 5.602241
710 0.000594 0.105701 300.000000 6.896552
710 0.000737 0.085778 400.000000 7.648183
720 0.000828 0.281708 100.000000 3.584229
720 0.000455 0.160323 200.000000 5.602241
720 0.000599 0.103465 300.000000 6.896552
720 0.000700 0.091526 400.000000 7.662835
730 0.001110 0.284224 100.000000 3.571429
730 0.000537 0.170127 200.000000 5.586592
730 0.000572 0.100041 300.000000 6.896552
730 0.000687 0.099602 400.000000 7.648183
740 0.001500 0.293909 100.000000 3.584229
740 0.000416 0.186595 200.000000 5.602241
740 0.000569 0.108442 300.000000 6.896552
740 0.000628 0.105826 400.000000 7.619048
750 0.001597 0.292308 100.000000 3.571429
750 0.000948 0.157090 200.000000 5.586592
750 0.000735 0.091466 300.000000 6.896552
760 0.000341 0.276947 100.000000 3.571429
760 0.001327 0.144120 200.000000 5.602241
760 0.000918 0.135551 300.000000 6.864988
770 0.000707 0.288312 100.000000 3.584229
770 0.001075 0.153003 200.000000 5.617978
770 0.000836 0.111881 300.000000 6.787330
780 0.000889 0.283635 100.000000 3.636364
780 0.000836 0.154086 200.000000 5.665722
780 0.000889 0.104164 300.000000 6.802721
790 0.000845 0.254323 100.000000 3.745318
790 0.000844 0.136990 200.000000 5.813953
790 0.000966 0.098362 300.000000 6.928406
800 0.000813 0.242334 100.000000 3.891051
800 0.000854 0.130528 200.000000 5.988024
800 0.000973 0.095996 300.000000 7.092198
810 0.000793 0.231953 100.000000 4.048583
810 0.000863 0.125113 200.000000 6.172840
810 0.000979 0.094286 300.000000 7.263923
820 0.000770 0.224725 100.000000 4.219409
820 0.000874 0.121453 200.000000 6.369427
820 0.000987 0.093915 300.000000 7.444169
830 0.000734 0.214436 100.000000 4.405286
830 0.000892 0.116350 200.000000 6.578948
830 0.000999 0.093823 300.000000 7.633588
840 0.000707 0.207378 100.000000 4.608295
840 0.000906 0.112953 200.000000 6.802721
840 0.001008 0.094127 300.000000 7.832898
850 0.000680 0.197581 100.000000 4.830918
850 0.000919 0.108140 200.000000 7.042253
850 0.001017 0.093895 300.000000 8.042895
860 0.000644 0.186324 100.000000 5.076142
860 0.000937 0.102771 200.000000 7.299270
860 0.001029 0.094218 300.000000 8.264462
870 0.000619 0.173749 100.000000 5.347594
870 0.000949 0.096563 200.000000 7.575758
870 0.001037 0.093576 300.000000 8.498584
880 0.000582 0.156715 100.000000 5.649717
880 0.000968 0.088420 200.000000 7.874016
880 0.001049 0.093538 300.000000 8.746356
890 0.000551 0.144289 100.000000 5.988024
890 0.000983 0.082723 200.000000 8.196721
890 0.001059 0.094127 300.000000 9.009009
900 0.000523 0.129903 100.000000 6.369427
900 0.000996 0.076006 200.000000 8.547009
900 0.001068 0.094341 300.000000 9.287926
910 0.000494 0.113894 100.000000 6.802721
910 0.001010 0.068724 200.000000 8.928572
910 0.001078 0.094887 300.000000 9.584664
920 0.000466 0.105610 100.000000 7.299270
920 0.001025 0.065745 200.000000 9.345795
920 0.001087 0.096597 300.000000 9.900990
930 0.000440 0.090081 100.000000 7.874016
930 0.001037 0.059106 200.000000 9.803922
930 0.001096 0.097458 300.000000 10.238908
940 0.000405 0.071119 100.000000 8.547009
940 0.001054 0.051726 200.000000 10.309278
940 0.001107 0.099238 300.000000 10.600707
950 0.000376 0.061287 100.000000 9.345795
950 0.001068 0.049171 200.000000 10.869565
950 0.001117 0.101442 300.000000 10.989011
960 0.000350 0.045638 100.000000 10.309278
960 0.001049 0.045115 200.000000 11.428572
960 0.001125 0.103186 300.000000 11.406844
970 0.000340 0.034632 100.000000 11.235955
970 0.001094 0.041263 200.000000 11.976048
970 0.001170 0.104897 300.000000 11.764706
980 0.000315 0.033882 100.000000 11.904762
980 0.001160 0.045947 200.000000 12.422360
980 0.001197 0.110814 300.000000 12.048193
990 0.000344 0.034415 100.000000 12.500000
990 0.001248 0.056916 200.000000 12.658228
990 0.001184 0.116174 300.000000 12.244898
1000 0.000343 0.028619 100.000000 12.658228
1000 0.001300 0.077391 200.000000 12.738853
1000 0.001195 0.126010 300.000000 12.295082
1010 0.000135 0.001592 100.000000 12.500000
1010 0.001399 0.116849 200.000000 12.738853
1010 0.001275 0.154607 300.000000 12.295082
1020 0.001934 0.025577 100.000000 12.658228
1020 0.001517 0.147361 200.000000 12.738853
1020 0.001275 0.173670 300.000000 12.096774
1030 0.003092 0.061124 100.000000 12.658228
1030 0.001548 0.171379 200.000000 12.738853
1040 0.002934 0.095160 100.000000 12.658228
1040 0.001542 0.191458 200.000000 12.578616
1050 0.002678 0.122878 100.000000 12.658228
1050 0.001632 0.201748 200.000000 12.048193
1060 0.002531 0.144537 100.000000 12.658228
1060 0.002005 0.207449 200.000000 11.976048
1070 0.002893 0.183022 100.000000 12.658228
1070 0.001979 0.224768 200.000000 11.976048
1080 0.002790 0.203976 100.000000 12.658228
1080 0.001905 0.220981 200.000000 12.048193
1090 0.002835 0.244497 100.000000 12.658228
1090 0.001924 0.237332 200.000000 12.048193
1100 0.000748 0.052293 100.000000 12.658228
1100 0.000754 0.069579 200.000000 11.627907
1110 0.000133 0.010290 100.000000 12.500000
1120 0.000386 0.018663 100.000000 11.904762
1130 0.001059 0.037147 100.000000 11.111111
1140 0.001273 0.030745 100.000000 11.235955
1150 0.001014 0.022418 100.000000 11.235955
1160 0.001012 0.037081 100.000000 11.235955
1170 0.000948 0.046448 100.000000 11.111111
