0 0.000459 0.025181 100.000000 10.204082
0 0.001176 0.051703 200.000000 11.428572
0 0.000618 0.085890 300.000000 12.096774
0 0.000454 0.111469 400.000000 12.422360
0 0.000489 0.094564 500.000000 12.658228
0 0.000439 0.096479 600.000000 12.820513
0 0.000535 0.075463 700.000000 12.915129
0 0.000450 0.055113 800.000000 13.008130
10 0.000546 0.020374 100.000000 11.235955
10 0.001189 0.055103 200.000000 12.048193
10 0.000645 0.092139 300.000000 12.552301
10 0.000482 0.118372 400.000000 12.779552
10 0.000502 0.100195 500.000000 12.953368
10 0.000453 0.101817 600.000000 13.071896
10 0.000545 0.078752 700.000000 13.133208
10 0.000470 0.057091 800.000000 13.201320
20 0.000464 0.012833 100.000000 11.904762
20 0.001142 0.051605 200.000000 12.500000
20 0.000657 0.088670 300.000000 12.820513
20 0.000486 0.113038 400.000000 13.029316
20 0.000477 0.095653 500.000000 13.123360
20 0.000433 0.098919 600.000000 13.245033
20 0.000532 0.074442 700.000000 13.257576
20 0.000452 0.055769 800.000000 13.311148
30 0.000422 0.021209 100.000000 12.345679
30 0.001154 0.063089 200.000000 12.658228
30 0.000680 0.096430 300.000000 12.987013
30 0.000492 0.118427 400.000000 13.114754
30 0.000482 0.097699 500.000000 13.227513
30 0.000434 0.101840 600.000000 13.303769
30 0.000519 0.071764 700.000000 13.333333
30 0.000432 0.052376 800.000000 13.377927
40 0.000741 0.027507 100.000000 12.345679
40 0.001027 0.071644 200.000000 12.738853
40 0.000681 0.102532 300.000000 13.043478
40 0.000535 0.116304 400.000000 13.157895
40 0.000489 0.099468 500.000000 13.262600
40 0.000428 0.104369 600.000000 13.333333
40 0.000480 0.069178 700.000000 13.358779
40 0.000467 0.049168 800.000000 13.400335
50 0.000803 0.034707 100.000000 12.500000
50 0.001057 0.084276 200.000000 12.820513
50 0.000672 0.110304 300.000000 13.100436
50 0.000551 0.112987 400.000000 13.201320
50 0.000480 0.100400 500.000000 13.297873
50 0.000464 0.106590 600.000000 13.333333
50 0.000491 0.067054 700.000000 13.384321
50 0.000459 0.045757 800.000000 13.422819
60 0.001120 0.043282 100.000000 12.658228
60 0.000898 0.096913 200.000000 12.903226
60 0.000672 0.120717 300.000000 13.157895
60 0.000554 0.114052 400.000000 13.245033
60 0.000488 0.104403 500.000000 13.368984
60 0.000503 0.105051 600.000000 13.363029
60 0.000489 0.066711 700.000000 13.435700
60 0.000478 0.043342 800.000000 13.468014
70 0.001437 0.019963 100.000000 12.658228
70 0.000712 0.076158 200.000000 12.987013
70 0.000506 0.095337 300.000000 13.215859
70 0.000483 0.086488 400.000000 13.289037
70 0.000420 0.086196 500.000000 13.404826
70 0.000416 0.083600 600.000000 13.392858
70 0.000434 0.058101 700.000000 13.435700
70 0.000436 0.040336 800.000000 13.468014
80 0.001384 0.025756 100.000000 12.658228
80 0.000510 0.066936 200.000000 13.157895
80 0.000388 0.079846 300.000000 13.274336
80 0.000400 0.067541 400.000000 13.333333
80 0.000363 0.073972 500.000000 13.440860
80 0.000501 0.068607 600.000000 13.422819
80 0.000401 0.053367 700.000000 13.487476
80 0.000415 0.038702 800.000000 13.513514
90 0.001855 0.051715 100.000000 12.820513
90 0.000676 0.094232 200.000000 13.245033
90 0.000477 0.111073 300.000000 13.333333
90 0.000491 0.090614 400.000000 13.422819
90 0.000445 0.092594 500.000000 13.477089
90 0.000558 0.077091 600.000000 13.452915
90 0.000463 0.058258 700.000000 13.513514
90 0.000448 0.037415 800.000000 13.536379
100 0.001908 0.071762 100.000000 12.820513
100 0.000741 0.100538 200.000000 13.245033
100 0.000496 0.115535 300.000000 13.333333
100 0.000503 0.092638 400.000000 13.377927
100 0.000440 0.095891 500.000000 13.477089
100 0.000559 0.073528 600.000000 13.452915
100 0.000448 0.058843 700.000000 13.487476
100 0.000442 0.037897 800.000000 13.513514
110 0.001926 0.096530 100.000000 12.820513
110 0.000818 0.113078 200.000000 13.245033
110 0.000519 0.123669 300.000000 13.274336
110 0.000505 0.097188 400.000000 13.422819
110 0.000442 0.101524 500.000000 13.477089
110 0.000544 0.072010 600.000000 13.483146
110 0.000445 0.056276 700.000000 13.513514
110 0.000411 0.039971 800.000000 13.513514
120 0.001605 0.139262 100.000000 12.820513
120 0.000854 0.129694 200.000000 13.245033
120 0.000610 0.124014 300.000000 13.333333
120 0.000573 0.102484 400.000000 13.422819
120 0.000472 0.110981 500.000000 13.477089
120 0.000527 0.076755 600.000000 13.483146
120 0.000485 0.059917 700.000000 13.539652
120 0.000358 0.046505 800.000000 13.513514
130 0.001461 0.136703 100.000000 12.820513
130 0.000737 0.119078 200.000000 13.245033
130 0.000538 0.101458 300.000000 13.333333
130 0.000516 0.093183 400.000000 13.468014
130 0.000499 0.103552 500.000000 13.477089
130 0.000492 0.071016 600.000000 13.513514
130 0.000424 0.056240 700.000000 13.539652
130 0.000340 0.050543 800.000000 13.536379
140 0.000916 0.132770 100.000000 12.987013
140 0.000569 0.102508 200.000000 13.333333
140 0.000423 0.070961 300.000000 13.392858
140 0.000463 0.071336 400.000000 13.513514
140 0.000464 0.080473 500.000000 13.477089
140 0.000432 0.062604 600.000000 13.513514
140 0.000398 0.053161 700.000000 13.565891
140 0.000303 0.055129 800.000000 13.559322
150 0.001216 0.168997 100.000000 13.157895
150 0.000656 0.128569 200.000000 13.422819
150 0.000438 0.064807 300.000000 13.452915
150 0.000539 0.054501 400.000000 13.559322
150 0.000347 0.065982 500.000000 13.513514
150 0.000405 0.062895 600.000000 13.574660
150 0.000380 0.055316 700.000000 13.565891
150 0.000316 0.062335 800.000000 13.582343
160 0.001120 0.172623 100.000000 13.333333
160 0.000596 0.142154 200.000000 13.422819
160 0.000371 0.063407 300.000000 13.513514
160 0.000475 0.039689 400.000000 13.559322
160 0.000419 0.041240 500.000000 13.513514
160 0.000551 0.051195 600.000000 13.574660
160 0.000387 0.049660 700.000000 13.592233
160 0.000290 0.064985 800.000000 13.582343
170 0.001239 0.173135 100.000000 13.333333
170 0.000639 0.148658 200.000000 13.422819
170 0.000403 0.054578 300.000000 13.513514
170 0.000445 0.021517 400.000000 13.559322
170 0.000437 0.027017 500.000000 13.550136
170 0.000397 0.050162 600.000000 13.605442
170 0.000365 0.053271 700.000000 13.592233
170 0.000274 0.070664 800.000000 13.605442
180 0.001251 0.156854 100.000000 13.333333
180 0.000649 0.141007 200.000000 13.422819
180 0.000578 0.041551 300.000000 13.513514
180 0.000451 0.024793 400.000000 13.559322
180 0.000451 0.035778 500.000000 13.550136
180 0.000400 0.058700 600.000000 13.574660
180 0.000393 0.058194 700.000000 13.592233
180 0.000306 0.077957 800.000000 13.628620
190 0.001263 0.139214 100.000000 13.513514
190 0.000907 0.124467 200.000000 13.513514
190 0.000573 0.027492 300.000000 13.574660
190 0.000447 0.026406 400.000000 13.605442
190 0.000429 0.043437 500.000000 13.586957
190 0.000471 0.063772 600.000000 13.605442
190 0.000350 0.066913 700.000000 13.592233
190 0.000307 0.085042 800.000000 13.628620
200 0.000589 0.060998 100.000000 13.333333
200 0.000395 0.035316 200.000000 13.422819
200 0.000400 0.028169 300.000000 13.574660
200 0.000282 0.048185 400.000000 13.559322
200 0.000355 0.056757 500.000000 13.586957
200 0.000436 0.067799 600.000000 13.605442
200 0.000272 0.072678 700.000000 13.592233
200 0.000252 0.082156 800.000000 13.628620
210 0.000208 0.015909 100.000000 13.333333
210 0.000159 0.015877 200.000000 13.422819
210 0.000314 0.051697 300.000000 13.574660
210 0.000323 0.060243 400.000000 13.513514
210 0.000323 0.060982 500.000000 13.586957
210 0.000337 0.067650 600.000000 13.605442
210 0.000206 0.072791 700.000000 13.618677
210 0.000251 0.079921 800.000000 13.628620
220 0.000184 0.014845 100.000000 13.333333
220 0.000266 0.035358 200.000000 13.422819
220 0.000326 0.060168 300.000000 13.574660
220 0.000269 0.064010 400.000000 13.513514
220 0.000337 0.062369 500.000000 13.586957
220 0.000367 0.067296 600.000000 13.605442
220 0.000216 0.073311 700.000000 13.592233
220 0.000265 0.080808 800.000000 13.628620
230 0.000157 0.024451 100.000000 13.333333
230 0.000312 0.047012 200.000000 13.422819
230 0.000342 0.064866 300.000000 13.574660
230 0.000512 0.066207 400.000000 13.513514
230 0.000392 0.065170 500.000000 13.586957
230 0.000391 0.069375 600.000000 13.605442
230 0.000216 0.075931 700.000000 13.592233
230 0.000262 0.083966 800.000000 13.628620
240 0.000091 0.024435 100.000000 13.333333
240 0.000321 0.058084 200.000000 13.513514
240 0.000360 0.068915 300.000000 13.574660
240 0.000547 0.066985 400.000000 13.513514
240 0.000419 0.067338 500.000000 13.586957
240 0.000387 0.071347 600.000000 13.605442
240 0.000213 0.078179 700.000000 13.592233
240 0.000259 0.086103 800.000000 13.605442
250 0.000035 0.019192 100.000000 13.157895
250 0.000434 0.066258 200.000000 13.422819
250 0.000321 0.070279 300.000000 13.574660
250 0.000512 0.065974 400.000000 13.513514
250 0.000342 0.068474 500.000000 13.550136
250 0.000361 0.074038 600.000000 13.574660
250 0.000247 0.079328 700.000000 13.618677
250 0.000264 0.083671 800.000000 13.605442
260 0.000273 0.019249 100.000000 13.157895
260 0.000399 0.070964 200.000000 13.422819
260 0.000292 0.072348 300.000000 13.513514
260 0.000435 0.066231 400.000000 13.513514
260 0.000337 0.069104 500.000000 13.586957
260 0.000311 0.077700 600.000000 13.574660
260 0.000277 0.080607 700.000000 13.618677
260 0.000239 0.079562 800.000000 13.605442
270 0.000419 0.029960 100.000000 13.157895
270 0.000400 0.076040 200.000000 13.513514
270 0.000279 0.075760 300.000000 13.513514
270 0.000365 0.067430 400.000000 13.559322
270 0.000444 0.072810 500.000000 13.586957
270 0.000287 0.079624 600.000000 13.574660
270 0.000269 0.082111 700.000000 13.618677
270 0.000211 0.076853 800.000000 13.628620
280 0.000233 0.048687 100.000000 13.157895
280 0.000393 0.081648 200.000000 13.513514
280 0.000406 0.078284 300.000000 13.513514
280 0.000369 0.070425 400.000000 13.559322
280 0.000375 0.076154 500.000000 13.586957
280 0.000215 0.081056 600.000000 13.574660
280 0.000274 0.084535 700.000000 13.618677
280 0.000255 0.075667 800.000000 13.628620
290 0.000345 0.067924 100.000000 13.333333
290 0.000418 0.087567 200.000000 13.513514
290 0.000385 0.080824 300.000000 13.513514
290 0.000367 0.074136 400.000000 13.559322
290 0.000415 0.078893 500.000000 13.586957
290 0.000212 0.083206 600.000000 13.574660
290 0.000281 0.087596 700.000000 13.618677
290 0.000252 0.075239 800.000000 13.628620
300 0.000504 0.088859 100.000000 13.333333
300 0.000454 0.094575 200.000000 13.513514
300 0.000469 0.085352 300.000000 13.513514
300 0.000386 0.078974 400.000000 13.559322
300 0.000435 0.082320 500.000000 13.586957
300 0.000225 0.086098 600.000000 13.605442
300 0.000283 0.091809 700.000000 13.618677
300 0.000227 0.075960 800.000000 13.628620
310 0.000580 0.113372 100.000000 13.333333
310 0.000497 0.102596 200.000000 13.513514
310 0.000676 0.089697 300.000000 13.513514
310 0.000613 0.082811 400.000000 13.605442
310 0.000445 0.084980 500.000000 13.623979
310 0.000230 0.089317 600.000000 13.605442
310 0.000280 0.095495 700.000000 13.618677
310 0.000226 0.076035 800.000000 13.628620
320 0.001004 0.135049 100.000000 13.333333
320 0.000520 0.110139 200.000000 13.605442
320 0.000730 0.093043 300.000000 13.513514
320 0.000474 0.088338 400.000000 13.605442
320 0.000448 0.088241 500.000000 13.586957
320 0.000252 0.092892 600.000000 13.605442
320 0.000309 0.098382 700.000000 13.618677
320 0.000163 0.075025 800.000000 13.628620
330 0.000830 0.143334 100.000000 13.513514
330 0.000455 0.112412 200.000000 13.605442
330 0.000625 0.091383 300.000000 13.574660
330 0.000516 0.088172 400.000000 13.605442
330 0.000432 0.091429 500.000000 13.586957
330 0.000320 0.093591 600.000000 13.636364
330 0.000280 0.093185 700.000000 13.645225
330 0.000172 0.068158 800.000000 13.628620
340 0.001047 0.149815 100.000000 13.513514
340 0.000552 0.119483 200.000000 13.605442
340 0.000585 0.080425 300.000000 13.574660
340 0.000402 0.073813 400.000000 13.605442
340 0.000341 0.077265 500.000000 13.586957
340 0.000303 0.076170 600.000000 13.636364
340 0.000256 0.072585 700.000000 13.645225
340 0.000143 0.055259 800.000000 13.628620
350 0.000843 0.135499 100.000000 13.513514
350 0.000410 0.108630 200.000000 13.513514
350 0.000451 0.079749 300.000000 13.574660
350 0.000388 0.080565 400.000000 13.651877
350 0.000266 0.084567 500.000000 13.586957
350 0.000280 0.083795 600.000000 13.636364
350 0.000278 0.073692 700.000000 13.645225
350 0.000144 0.052848 800.000000 13.628620
360 0.000901 0.129121 100.000000 13.513514
360 0.000595 0.103868 200.000000 13.513514
360 0.000436 0.086000 300.000000 13.574660
360 0.000448 0.088446 400.000000 13.605442
360 0.000236 0.090462 500.000000 13.623979
360 0.000295 0.093021 600.000000 13.636364
360 0.000249 0.079143 700.000000 13.645225
360 0.000150 0.056984 800.000000 13.628620
370 0.000943 0.114358 100.000000 13.698630
370 0.000307 0.096399 200.000000 13.513514
370 0.000415 0.086843 300.000000 13.574660
370 0.000457 0.091819 400.000000 13.605442
370 0.000252 0.094517 500.000000 13.623979
370 0.000290 0.098348 600.000000 13.636364
370 0.000225 0.079527 700.000000 13.671875
370 0.000160 0.056258 800.000000 13.628620
380 0.000964 0.103678 100.000000 13.513514
380 0.000845 0.090231 200.000000 13.422819
380 0.000757 0.082885 300.000000 13.574660
380 0.000479 0.089967 400.000000 13.605442
380 0.000247 0.093566 500.000000 13.586957
380 0.000284 0.097949 600.000000 13.636364
380 0.000186 0.074347 700.000000 13.645225
380 0.000161 0.052847 800.000000 13.605442
390 0.000943 0.091018 100.000000 13.333333
390 0.000863 0.079402 200.000000 13.422819
390 0.000525 0.076023 300.000000 13.574660
390 0.000457 0.085295 400.000000 13.559322
390 0.000232 0.088519 500.000000 13.586957
390 0.000339 0.092645 600.000000 13.605442
390 0.000165 0.064665 700.000000 13.618677
390 0.000155 0.047109 800.000000 13.605442
400 0.000224 0.013012 100.000000 13.513514
400 0.001165 0.022677 200.000000 13.513514
400 0.000714 0.049112 300.000000 13.513514
400 0.000618 0.072590 400.000000 13.559322
400 0.000453 0.075248 500.000000 13.623979
400 0.000400 0.074333 600.000000 13.636364
400 0.000277 0.045102 700.000000 13.618677
400 0.000240 0.036557 800.000000 13.628620
410 0.000246 0.017135 100.000000 13.333333
410 0.001009 0.031229 200.000000 13.422819
410 0.000617 0.053313 300.000000 13.574660
410 0.000573 0.078822 400.000000 13.559322
410 0.000465 0.078857 500.000000 13.623979
410 0.000386 0.071623 600.000000 13.605442
410 0.000279 0.045744 700.000000 13.618677
410 0.000242 0.036824 800.000000 13.605442
420 0.000232 0.014447 100.000000 13.333333
420 0.000547 0.034084 200.000000 13.513514
420 0.000811 0.057858 300.000000 13.574660
420 0.000554 0.080405 400.000000 13.559322
420 0.000462 0.080261 500.000000 13.586957
420 0.000417 0.066771 600.000000 13.636364
420 0.000278 0.043696 700.000000 13.618677
420 0.000241 0.035293 800.000000 13.605442
430 0.000495 0.024129 100.000000 13.157895
430 0.000574 0.043426 200.000000 13.422819
430 0.000757 0.064236 300.000000 13.513514
430 0.000280 0.081716 400.000000 13.559322
430 0.000462 0.082934 500.000000 13.586957
430 0.000394 0.064180 600.000000 13.605442
430 0.000270 0.043641 700.000000 13.592233
430 0.000244 0.034942 800.000000 13.605442
440 0.000777 0.009423 100.000000 13.157895
440 0.000601 0.043172 200.000000 13.422819
440 0.000745 0.067573 300.000000 13.513514
440 0.000254 0.080798 400.000000 13.559322
440 0.000449 0.081522 500.000000 13.586957
440 0.000375 0.056340 600.000000 13.605442
440 0.000268 0.038982 700.000000 13.592233
440 0.000240 0.031980 800.000000 13.582343
450 0.002302 0.016686 100.000000 13.157895
450 0.000534 0.047132 200.000000 13.422819
450 0.000773 0.075222 300.000000 13.513514
450 0.000256 0.083029 400.000000 13.559322
450 0.000440 0.083299 500.000000 13.586957
450 0.000321 0.052027 600.000000 13.605442
450 0.000267 0.038077 700.000000 13.592233
450 0.000241 0.031469 800.000000 13.582343
460 0.002380 0.019076 100.000000 13.157895
460 0.000516 0.044343 200.000000 13.513514
460 0.000738 0.079777 300.000000 13.574660
460 0.000250 0.082431 400.000000 13.559322
460 0.000435 0.081402 500.000000 13.586957
460 0.000268 0.044009 600.000000 13.605442
460 0.000270 0.034320 700.000000 13.592233
460 0.000233 0.029364 800.000000 13.582343
470 0.002265 0.031087 100.000000 13.157895
470 0.000859 0.055602 200.000000 13.422819
470 0.000734 0.089446 300.000000 13.513514
470 0.000465 0.085817 400.000000 13.605442
470 0.000462 0.080689 500.000000 13.586957
470 0.000298 0.041960 600.000000 13.605442
470 0.000269 0.035089 700.000000 13.592233
470 0.000236 0.030252 800.000000 13.582343
480 0.001920 0.041054 100.000000 13.157895
480 0.000783 0.061030 200.000000 13.513514
480 0.000713 0.098068 300.000000 13.513514
480 0.000554 0.089160 400.000000 13.605442
480 0.000439 0.076629 500.000000 13.586957
480 0.000320 0.042007 600.000000 13.605442
480 0.000268 0.035334 700.000000 13.592233
480 0.000238 0.030811 800.000000 13.559322
490 0.000995 0.061818 100.000000 13.333333
490 0.001204 0.086994 200.000000 13.513514
490 0.000704 0.111888 300.000000 13.513514
490 0.000553 0.104640 400.000000 13.605442
490 0.000374 0.085120 500.000000 13.623979
490 0.000321 0.049307 600.000000 13.605442
490 0.000272 0.038072 700.000000 13.618677
490 0.000238 0.031814 800.000000 13.559322
500 0.000768 0.053639 100.000000 13.513514
500 0.001071 0.087731 200.000000 13.605442
500 0.000327 0.109380 300.000000 13.574660
500 0.000559 0.099938 400.000000 13.651877
500 0.000452 0.069981 500.000000 13.661202
500 0.000342 0.036531 600.000000 13.636364
500 0.000292 0.029738 700.000000 13.618677
500 0.000260 0.028807 800.000000 13.582343
510 0.000868 0.058253 100.000000 13.513514
510 0.001116 0.098268 200.000000 13.605442
510 0.000322 0.111834 300.000000 13.574660
510 0.000574 0.102431 400.000000 13.651877
510 0.000443 0.063533 500.000000 13.661202
510 0.000352 0.034059 600.000000 13.636364
510 0.000305 0.028388 700.000000 13.618677
510 0.000270 0.029544 800.000000 13.582343
520 0.001054 0.052958 100.000000 13.513514
520 0.000521 0.054541 200.000000 13.605442
520 0.000414 0.055922 300.000000 13.636364
520 0.000232 0.061823 400.000000 13.651877
520 0.000131 0.045866 500.000000 13.661202
520 0.000154 0.029934 600.000000 13.636364
520 0.000132 0.025993 700.000000 13.618677
530 0.003361 0.025617 100.000000 13.698630
530 0.000458 0.020648 200.000000 13.605442
530 0.000588 0.021752 300.000000 13.574660
530 0.000164 0.030551 400.000000 13.651877
530 0.000166 0.027023 500.000000 13.661202
530 0.000171 0.020195 600.000000 13.605442
530 0.000146 0.022785 700.000000 13.592233
540 0.002498 0.018876 100.000000 13.513514
540 0.000351 0.006672 200.000000 13.605442
540 0.000466 0.009153 300.000000 13.574660
540 0.000217 0.019044 400.000000 13.605442
540 0.000193 0.017189 500.000000 13.623979
540 0.000184 0.012599 600.000000 13.605442
540 0.000166 0.021176 700.000000 13.592233
550 0.000764 0.021648 100.000000 13.333333
550 0.000246 0.010420 200.000000 13.513514
550 0.000144 0.022611 300.000000 13.636364
550 0.000143 0.026743 400.000000 13.651877
550 0.000214 0.014217 500.000000 13.623979
550 0.000169 0.011156 600.000000 13.636364
550 0.000157 0.022503 700.000000 13.592233
560 0.001474 0.037513 100.000000 13.513514
560 0.000360 0.037592 200.000000 13.513514
560 0.000236 0.041834 300.000000 13.636364
560 0.000190 0.036800 400.000000 13.651877
560 0.000246 0.014137 500.000000 13.623979
560 0.000178 0.010564 600.000000 13.605442
560 0.000178 0.024398 700.000000 13.565891
570 0.001550 0.086944 100.000000 13.513514
570 0.000399 0.108177 200.000000 13.422819
570 0.000606 0.086720 300.000000 13.636364
570 0.000485 0.052417 400.000000 13.651877
570 0.000388 0.011894 500.000000 13.586957
570 0.000306 0.015383 600.000000 13.605442
570 0.000284 0.027972 700.000000 13.539652
580 0.001496 0.098239 100.000000 13.513514
580 0.000229 0.100251 200.000000 13.513514
580 0.000542 0.082731 300.000000 13.574660
580 0.000418 0.044310 400.000000 13.651877
580 0.000348 0.011786 500.000000 13.586957
580 0.000282 0.018195 600.000000 13.605442
580 0.000257 0.030563 700.000000 13.539652
590 0.001226 0.097736 100.000000 13.513514
590 0.000290 0.087335 200.000000 13.513514
590 0.000451 0.074364 300.000000 13.636364
590 0.000342 0.036538 400.000000 13.651877
590 0.000312 0.010341 500.000000 13.586957
590 0.000253 0.019653 600.000000 13.574660
600 0.002983 0.248696 100.000000 13.333333
600 0.000854 0.176550 200.000000 13.513514
600 0.001016 0.127844 300.000000 13.574660
600 0.000676 0.029861 400.000000 13.605442
600 0.000600 0.013408 500.000000 13.586957
600 0.000504 0.023590 600.000000 13.574660
610 0.001997 0.200884 100.000000 13.333333
610 0.000492 0.137090 200.000000 13.513514
610 0.000876 0.107336 300.000000 13.574660
610 0.000414 0.028141 400.000000 13.605442
610 0.000446 0.012553 500.000000 13.586957
610 0.000367 0.025007 600.000000 13.574660
620 0.000499 0.030566 100.000000 13.333333
620 0.000080 0.012903 200.000000 13.605442
620 0.000100 0.009160 300.000000 13.636364
620 0.000215 0.008069 400.000000 13.605442
620 0.000170 0.016334 500.000000 13.623979
620 0.000154 0.026156 600.000000 13.605442
630 0.001167 0.090631 100.000000 13.157895
630 0.000609 0.011426 200.000000 13.513514
630 0.000379 0.021373 300.000000 13.574660
630 0.000342 0.037278 400.000000 13.605442
630 0.000238 0.025604 500.000000 13.586957
630 0.000232 0.028911 600.000000 13.544018
640 0.001161 0.023209 100.000000 13.157895
640 0.000638 0.060000 200.000000 13.513514
640 0.000813 0.072017 300.000000 13.574660
640 0.000347 0.056315 400.000000 13.559322
640 0.000251 0.031039 500.000000 13.586957
640 0.000242 0.029407 600.000000 13.513514
650 0.001313 0.012999 100.000000 13.333333
650 0.000104 0.018859 200.000000 13.513514
650 0.000349 0.015676 300.000000 13.636364
650 0.000257 0.011141 400.000000 13.559322
650 0.000177 0.022496 500.000000 13.586957
650 0.000196 0.035857 600.000000 13.513514
660 0.001416 0.022825 100.000000 13.333333
660 0.000131 0.026325 200.000000 13.513514
660 0.000384 0.021524 300.000000 13.636364
660 0.000301 0.011776 400.000000 13.605442
660 0.000206 0.024449 500.000000 13.586957
670 0.001426 0.035806 100.000000 13.333333
670 0.000201 0.036446 200.000000 13.513514
670 0.000406 0.029503 300.000000 13.636364
670 0.000314 0.013464 400.000000 13.559322
670 0.000235 0.027032 500.000000 13.550136
680 0.001339 0.042242 100.000000 13.333333
680 0.000226 0.038838 200.000000 13.513514
680 0.000222 0.030501 300.000000 13.574660
680 0.000310 0.015903 400.000000 13.559322
680 0.000253 0.030563 500.000000 13.550136
690 0.000457 0.044286 100.000000 13.513514
690 0.000317 0.039060 200.000000 13.605442
690 0.000359 0.029513 300.000000 13.574660
690 0.000289 0.018133 400.000000 13.605442
690 0.000251 0.033310 500.000000 13.586957
700 0.000115 0.026394 100.000000 13.698630
700 0.000083 0.019242 200.000000 13.605442
700 0.000267 0.014593 300.000000 13.636364
700 0.000212 0.020850 400.000000 13.605442
700 0.000204 0.033439 500.000000 13.550136
710 0.000195 0.021075 100.000000 13.513514
710 0.000136 0.016895 200.000000 13.698630
710 0.000223 0.015990 300.000000 13.636364
710 0.000128 0.025463 400.000000 13.605442
710 0.000144 0.032524 500.000000 13.550136
720 0.001395 0.019271 100.000000 13.513514
720 0.000886 0.028534 200.000000 13.605442
720 0.000488 0.054512 300.000000 13.574660
720 0.000346 0.053150 400.000000 13.605442
720 0.000308 0.056649 500.000000 13.513514
730 0.001483 0.018583 100.000000 13.513514
730 0.000912 0.046760 200.000000 13.605442
730 0.000488 0.061406 300.000000 13.574660
730 0.000353 0.056257 400.000000 13.559322
730 0.000302 0.057185 500.000000 13.513514
740 0.001446 0.017828 100.000000 13.513514
740 0.000825 0.060374 200.000000 13.605442
740 0.000468 0.063079 300.000000 13.574660
740 0.000347 0.056339 400.000000 13.559322
750 0.001365 0.021339 100.000000 13.513514
750 0.000492 0.070240 200.000000 13.605442
750 0.000449 0.062544 300.000000 13.513514
750 0.000333 0.055953 400.000000 13.559322
760 0.001383 0.008231 100.000000 13.333333
760 0.000490 0.060308 200.000000 13.513514
760 0.000372 0.054310 300.000000 13.513514
760 0.000280 0.054403 400.000000 13.559322
770 0.000166 0.006280 100.000000 13.333333
770 0.000421 0.011202 200.000000 13.513514
770 0.000266 0.031235 300.000000 13.513514
770 0.000234 0.042803 400.000000 13.468014
780 0.000113 0.004694 100.000000 13.513514
780 0.000446 0.015489 200.000000 13.513514
780 0.000239 0.033931 300.000000 13.513514
780 0.000232 0.044998 400.000000 13.468014
790 0.001196 0.004312 100.000000 13.513514
790 0.000468 0.021025 200.000000 13.422819
790 0.000242 0.037427 300.000000 13.513514
790 0.000246 0.048708 400.000000 13.422819
800 0.001128 0.011421 100.000000 13.513514
800 0.000492 0.026570 200.000000 13.513514
800 0.000278 0.043897 300.000000 13.513514
800 0.000257 0.056668 400.000000 13.422819
810 0.001260 0.008298 100.000000 13.513514
810 0.000453 0.029012 200.000000 13.422819
810 0.000259 0.044410 300.000000 13.452915
820 0.000665 0.013595 100.000000 13.513514
820 0.000434 0.033186 200.000000 13.422819
820 0.000280 0.045358 300.000000 13.452915
830 0.001065 0.027826 100.000000 13.513514
830 0.000456 0.032205 200.000000 13.422819
830 0.000324 0.040614 300.000000 13.452915
840 0.000932 0.023445 100.000000 13.333333
840 0.000465 0.048305 200.000000 13.422819
840 0.000348 0.058250 300.000000 13.452915
850 0.000872 0.029938 100.000000 13.333333
850 0.000344 0.048505 200.000000 13.422819
850 0.000303 0.056638 300.000000 13.392858
860 0.001666 0.078882 100.000000 13.157895
860 0.000794 0.118237 200.000000 13.422819
860 0.000560 0.134522 300.000000 13.333333
870 0.001577 0.100136 100.000000 13.157895
870 0.000755 0.126225 200.000000 13.422819
870 0.000536 0.138761 300.000000 13.333333
880 0.001589 0.123878 100.000000 13.157895
880 0.000774 0.139799 200.000000 13.333333
890 0.001476 0.139331 100.000000 13.157895
890 0.000740 0.141568 200.000000 13.333333
900 0.000859 0.075743 100.000000 13.157895
900 0.000431 0.069521 200.000000 13.333333
910 0.000341 0.040787 100.000000 13.333333
910 0.000175 0.036704 200.000000 13.422819
920 0.000220 0.016646 100.000000 13.333333
920 0.000015 0.012945 200.000000 13.333333
930 0.000186 0.009294 100.000000 13.333333
930 0.000036 0.007015 200.000000 13.245033
940 0.000206 0.010588 100.000000 13.333333
940 0.000054 0.008772 200.000000 13.245033
950 0.000200 0.015697 100.000000 13.333333
950 0.000028 0.010600 200.000000 13.245033
960 0.000145 0.012781 100.000000 13.333333
970 0.000026 0.012773 100.000000 13.333333
980 0.000068 0.011826 100.000000 13.333333
990 0.000165 0.007872 100.000000 13.157895
1000 0.000250 0.015555 100.000000 13.157895
1010 0.000298 0.016505 100.000000 12.987013
1020 0.000233 0.020133 100.000000 12.987013
