0 0.000152 0.012615 100.000000 10.638298
0 0.000062 0.009540 200.000000 10.752688
0 0.000913 0.071671 300.000000 7.194244
0 0.000893 0.090316 400.000000 5.063291
0 0.000785 0.139658 500.000000 5.733945
10 0.000061 0.025980 100.000000 11.764706
10 0.000146 0.024024 200.000000 11.299435
10 0.000970 0.067015 300.000000 7.352941
10 0.000934 0.085737 400.000000 5.121639
10 0.000817 0.138171 500.000000 5.793743
20 0.000102 0.032068 100.000000 12.658228
20 0.000172 0.028444 200.000000 11.627907
20 0.000949 0.069069 300.000000 7.425743
20 0.000937 0.088889 400.000000 5.161290
20 0.000831 0.141944 500.000000 5.834306
30 0.000134 0.023293 100.000000 12.820513
30 0.000149 0.024665 200.000000 9.756098
30 0.000861 0.078935 300.000000 4.854369
30 0.000929 0.098332 400.000000 5.167959
30 0.000836 0.151620 500.000000 5.841122
40 0.000074 0.021129 100.000000 12.820513
40 0.000306 0.012652 200.000000 9.302325
40 0.001049 0.085190 300.000000 4.830918
40 0.000898 0.110931 400.000000 5.167959
40 0.000813 0.161998 500.000000 5.834306
50 0.000150 0.013385 100.000000 12.500000
50 0.001795 0.025528 200.000000 9.259259
50 0.001045 0.073994 300.000000 4.451038
50 0.000895 0.123245 400.000000 5.161290
50 0.000806 0.172964 500.000000 5.827506
60 0.000196 0.011524 100.000000 11.494253
60 0.001220 0.053982 200.000000 6.349206
60 0.001204 0.081980 300.000000 4.322767
60 0.000924 0.133975 400.000000 5.154639
60 0.000813 0.183151 500.000000 5.827506
70 0.000226 0.007522 100.000000 10.752688
70 0.001212 0.073102 200.000000 6.211180
70 0.001211 0.095741 300.000000 4.316547
70 0.000973 0.148233 400.000000 5.141388
80 0.000311 0.019692 100.000000 10.752688
80 0.001497 0.086050 200.000000 6.211180
80 0.001283 0.105076 300.000000 4.310345
80 0.001015 0.159357 400.000000 5.141388
90 0.000289 0.022691 100.000000 10.752688
90 0.001452 0.105609 200.000000 6.191950
90 0.001264 0.117809 300.000000 4.304161
90 0.001020 0.172180 400.000000 5.134788
100 0.000196 0.023396 100.000000 10.526316
100 0.001311 0.113898 200.000000 3.745318
100 0.001211 0.128999 300.000000 4.304161
100 0.001020 0.184084 400.000000 5.134788
110 0.000084 0.047320 100.000000 7.518797
110 0.001224 0.127270 200.000000 3.676471
110 0.001189 0.142589 300.000000 4.297994
110 0.001014 0.195358 400.000000 5.128205
120 0.001138 0.046221 100.000000 7.194244
120 0.002013 0.140166 200.000000 3.669725
120 0.001168 0.154634 300.000000 4.297994
120 0.000991 0.205299 400.000000 5.121639
130 0.002299 0.060972 100.000000 7.142857
130 0.001419 0.110147 200.000000 3.311258
130 0.001148 0.163673 300.000000 4.310345
130 0.000973 0.212800 400.000000 5.134788
140 0.002681 0.101044 100.000000 4.608295
140 0.001735 0.120154 200.000000 3.278688
140 0.001173 0.173132 300.000000 4.329004
140 0.000980 0.220877 400.000000 5.161290
150 0.002184 0.123925 100.000000 4.347826
150 0.001805 0.127354 200.000000 3.300330
150 0.001204 0.180790 300.000000 4.354136
150 0.000985 0.227680 400.000000 5.188067
160 0.002189 0.147937 100.000000 4.347826
160 0.001712 0.139222 200.000000 3.311258
160 0.001225 0.191483 300.000000 4.366812
170 0.002706 0.176714 100.000000 4.329004
170 0.001757 0.154415 200.000000 3.311258
170 0.001244 0.205549 300.000000 4.366812
180 0.002624 0.205875 100.000000 4.329004
180 0.001757 0.172722 200.000000 3.305785
180 0.001264 0.221890 300.000000 4.360465
190 0.002558 0.232039 100.000000 4.291845
190 0.001724 0.192030 200.000000 3.311258
190 0.001283 0.238976 300.000000 4.366812
200 0.002459 0.252359 100.000000 2.257336
200 0.001757 0.210964 200.000000 3.322259
200 0.001324 0.253734 300.000000 4.392386
210 0.002391 0.230984 100.000000 2.309469
210 0.001730 0.203234 200.000000 3.378378
210 0.001306 0.248489 300.000000 4.457652
220 0.002369 0.213232 100.000000 2.364066
220 0.001718 0.197219 200.000000 3.436426
220 0.001298 0.245020 300.000000 4.524887
230 0.002300 0.195218 100.000000 2.409639
230 0.001713 0.192485 200.000000 3.490402
230 0.001296 0.244405 300.000000 4.580153
240 0.002341 0.204932 100.000000 2.421308
240 0.001750 0.201316 200.000000 3.527337
240 0.001329 0.253762 300.000000 4.622496
250 0.002983 0.220405 100.000000 2.444988
250 0.001777 0.211304 200.000000 3.558719
250 0.001344 0.262474 300.000000 4.658385
260 0.001514 0.129666 100.000000 2.421308
260 0.001070 0.145845 200.000000 3.571429
260 0.000863 0.177763 300.000000 4.665630
270 0.000868 0.093798 100.000000 2.150538
270 0.000682 0.111687 200.000000 3.597122
270 0.000595 0.130895 300.000000 4.694836
280 0.000726 0.110158 100.000000 2.178649
280 0.000464 0.093622 200.000000 3.656307
280 0.000431 0.102165 300.000000 4.761905
290 0.000664 0.107652 100.000000 2.222222
290 0.000426 0.091636 200.000000 3.724395
290 0.000414 0.099042 300.000000 4.838710
300 0.000651 0.107277 100.000000 2.272727
300 0.000422 0.092115 200.000000 3.795066
300 0.000414 0.099531 300.000000 4.918033
310 0.000659 0.106596 100.000000 2.325581
310 0.000428 0.093158 200.000000 3.868472
310 0.000420 0.100966 300.000000 5.000000
320 0.000679 0.105802 100.000000 2.380952
320 0.000440 0.094273 200.000000 3.944773
320 0.000429 0.102654 300.000000 5.084746
330 0.000789 0.100447 100.000000 2.421308
330 0.000463 0.090888 200.000000 4.008016
330 0.000438 0.100822 300.000000 5.163511
340 0.000689 0.092930 100.000000 2.463054
340 0.000425 0.081826 200.000000 4.081633
340 0.000422 0.092863 300.000000 5.244755
350 0.000654 0.096513 100.000000 2.512563
350 0.000353 0.070792 200.000000 4.158004
350 0.000368 0.079121 300.000000 5.328597
360 0.001024 0.072023 100.000000 2.557545
360 0.000495 0.063179 200.000000 4.219409
360 0.000457 0.081967 300.000000 5.395683
370 0.001198 0.056836 100.000000 2.617801
370 0.000613 0.065281 200.000000 4.301075
370 0.000533 0.092385 300.000000 5.484461
380 0.001467 0.037500 100.000000 2.652520
380 0.000735 0.077158 200.000000 4.357298
380 0.000599 0.109607 300.000000 5.535055
390 0.001343 0.048821 100.000000 2.666667
390 0.000796 0.089622 200.000000 4.366812
400 0.000824 0.071358 100.000000 2.666667
400 0.000522 0.063133 200.000000 4.366812
410 0.000900 0.076047 100.000000 2.666667
410 0.000588 0.077179 200.000000 4.366812
420 0.000831 0.081267 100.000000 2.680965
420 0.000618 0.083560 200.000000 4.395605
430 0.000931 0.108610 100.000000 2.732240
430 0.000676 0.107682 200.000000 4.464286
440 0.000931 0.108422 100.000000 2.808989
440 0.000676 0.107643 200.000000 4.566210
450 0.000933 0.108520 100.000000 2.890173
450 0.000677 0.107837 200.000000 4.672897
460 0.000935 0.108590 100.000000 2.976191
460 0.000678 0.107990 200.000000 4.784689
470 0.000935 0.108467 100.000000 3.067485
470 0.000678 0.107899 200.000000 4.901961
480 0.000941 0.108451 100.000000 3.164557
480 0.000681 0.108211 200.000000 5.025126
490 0.000944 0.108551 100.000000 3.267974
490 0.000683 0.108418 200.000000 5.154639
500 0.000946 0.108639 100.000000 3.378378
500 0.000684 0.108581 200.000000 5.291005
510 0.000947 0.108684 100.000000 3.496504
510 0.000684 0.108677 200.000000 5.434783
520 0.000951 0.108784 100.000000 3.623188
520 0.000686 0.108912 200.000000 5.586592
530 0.000952 0.108838 100.000000 3.759398
530 0.000687 0.109027 200.000000 5.747127
540 0.000954 0.108912 100.000000 3.906250
540 0.000688 0.109178 200.000000 5.917160
550 0.000956 0.108937 100.000000 4.065041
550 0.000688 0.109263 200.000000 6.097561
560 0.000957 0.108960 100.000000 4.237288
560 0.000689 0.109351 200.000000 6.289308
570 0.000960 0.109083 100.000000 4.424779
570 0.000690 0.109559 200.000000 6.493506
580 0.000960 0.108900 100.000000 4.629630
580 0.000691 0.109479 200.000000 6.711410
590 0.000961 0.108863 100.000000 4.854369
590 0.000691 0.109483 200.000000 6.944445
600 0.000965 0.108757 100.000000 5.102041
600 0.000693 0.109616 200.000000 7.194244
610 0.000966 0.108816 100.000000 5.376344
610 0.000694 0.109736 200.000000 7.462687
620 0.000970 0.108920 100.000000 5.681818
620 0.000696 0.110007 200.000000 7.751938
630 0.000980 0.117711 100.000000 5.988024
630 0.000714 0.116257 200.000000 8.032128
640 0.001076 0.129163 100.000000 6.211180
640 0.000768 0.128286 200.000000 8.230453
650 0.001160 0.134982 100.000000 6.410256
650 0.000821 0.136883 200.000000 8.403361
660 0.000510 0.093112 100.000000 6.451613
660 0.000481 0.082413 200.000000 8.438819
670 0.000841 0.098656 100.000000 6.666667
670 0.000618 0.097333 200.000000 8.583691
680 0.000512 0.078774 100.000000 7.092198
680 0.000394 0.061494 200.000000 8.968610
690 0.000497 0.079601 100.000000 7.633588
690 0.000408 0.064721 200.000000 9.389671
700 0.000512 0.071059 100.000000 8.196721
700 0.000424 0.063581 200.000000 9.803922
710 0.000408 0.065995 100.000000 8.849558
710 0.000429 0.068671 200.000000 10.256411
720 0.000434 0.048825 100.000000 9.615385
720 0.000443 0.063780 200.000000 10.695188
730 0.000674 0.063941 100.000000 10.416667
730 0.000560 0.082358 200.000000 11.173184
740 0.000281 0.028199 100.000000 11.363636
740 0.000357 0.045214 200.000000 11.764706
750 0.000365 0.017398 100.000000 11.764706
750 0.000271 0.024985 200.000000 12.048193
760 0.000593 0.020340 100.000000 11.904762
770 0.000220 0.019790 100.000000 11.904762
780 0.000218 0.021624 100.000000 11.904762
790 0.000355 0.024270 100.000000 11.904762
800 0.000460 0.028380 100.000000 12.048193
810 0.000488 0.035749 100.000000 11.904762
820 0.000458 0.037458 100.000000 11.904762
830 0.000417 0.036440 100.000000 12.048193
840 0.000301 0.034455 100.000000 11.764706
