0 0.000272 0.123711 100.000000 7.518797
0 0.002695 0.180906 200.000000 9.852217
0 0.001935 0.306952 300.000000 10.989011
0 0.001129 0.296338 400.000000 11.428572
0 0.001259 0.207043 500.000000 8.591065
0 0.000806 0.104233 600.000000 7.884363
10 0.000371 0.117301 100.000000 8.064516
10 0.002717 0.182819 200.000000 10.309278
10 0.001938 0.306838 300.000000 11.363636
10 0.001131 0.295006 400.000000 11.730206
10 0.001260 0.205504 500.000000 8.741259
10 0.000805 0.101911 600.000000 7.978724
20 0.000540 0.100717 100.000000 8.474576
20 0.002762 0.199493 200.000000 10.695188
20 0.001959 0.315983 300.000000 11.627907
20 0.001145 0.295903 400.000000 11.904762
20 0.001334 0.200237 500.000000 8.818342
20 0.000829 0.095594 600.000000 8.032128
30 0.000305 0.089866 100.000000 8.849558
30 0.002767 0.222519 200.000000 11.111111
30 0.001934 0.332282 300.000000 11.764706
30 0.001146 0.297705 400.000000 12.012012
30 0.001376 0.194715 500.000000 8.849558
30 0.000815 0.090406 600.000000 6.396588
40 0.000314 0.049987 100.000000 9.615385
40 0.002752 0.201230 200.000000 11.764706
40 0.001922 0.319626 300.000000 12.195122
40 0.001140 0.286211 400.000000 12.345679
40 0.001376 0.184819 500.000000 8.992805
40 0.000811 0.084058 600.000000 6.437768
50 0.000192 0.027405 100.000000 10.416667
50 0.002769 0.204682 200.000000 12.345679
50 0.001924 0.320205 300.000000 12.552301
50 0.001148 0.282472 400.000000 12.618297
50 0.001369 0.178622 500.000000 9.090909
50 0.000811 0.081535 600.000000 6.472492
60 0.000150 0.023850 100.000000 11.111111
60 0.002814 0.224656 200.000000 12.903226
60 0.001938 0.334060 300.000000 12.820513
60 0.001177 0.286510 400.000000 12.779552
60 0.001310 0.174254 500.000000 7.763975
60 0.000819 0.077825 600.000000 6.486486
70 0.000354 0.020037 100.000000 11.494253
70 0.003047 0.262054 200.000000 13.422819
70 0.002137 0.374686 300.000000 12.931034
70 0.001305 0.309636 400.000000 8.948545
70 0.001384 0.176960 500.000000 7.751938
70 0.000891 0.072197 600.000000 6.500542
80 0.000891 0.052238 100.000000 11.627907
80 0.003324 0.306696 200.000000 13.793103
80 0.001777 0.411297 300.000000 12.931034
80 0.001569 0.338597 400.000000 8.830022
80 0.001283 0.173100 500.000000 7.763975
80 0.000972 0.063154 600.000000 6.507592
90 0.005627 0.087928 100.000000 11.627907
90 0.003231 0.341658 200.000000 13.888889
90 0.001729 0.398726 300.000000 12.987013
90 0.001702 0.318730 400.000000 8.810573
90 0.001134 0.154958 500.000000 7.763975
90 0.000932 0.055697 600.000000 6.514658
100 0.005838 0.135854 100.000000 11.904762
100 0.003190 0.369769 200.000000 13.986014
100 0.001715 0.393382 300.000000 13.100436
100 0.001791 0.300533 400.000000 8.849558
100 0.001099 0.141711 500.000000 7.800312
110 0.005768 0.183509 100.000000 12.345679
110 0.003164 0.395013 200.000000 13.986014
110 0.001735 0.389412 300.000000 13.274336
110 0.001788 0.283303 400.000000 8.869180
110 0.001078 0.130127 500.000000 7.836991
120 0.005877 0.216002 100.000000 13.157895
120 0.003149 0.411040 200.000000 14.084507
120 0.001729 0.388245 300.000000 13.574660
120 0.001752 0.270798 400.000000 8.908686
120 0.001075 0.122035 500.000000 7.898894
130 0.005695 0.252541 100.000000 13.888889
130 0.003080 0.422773 200.000000 14.184397
130 0.001632 0.377260 300.000000 13.698630
130 0.001669 0.246364 400.000000 8.888889
130 0.001038 0.108419 500.000000 7.936508
140 0.005802 0.356217 100.000000 14.492754
140 0.003060 0.465596 200.000000 14.084507
140 0.001610 0.380740 300.000000 13.636364
140 0.001762 0.232453 400.000000 8.849558
140 0.001045 0.096006 500.000000 7.898894
150 0.005741 0.436494 100.000000 15.384615
150 0.002956 0.507479 200.000000 13.698630
150 0.001621 0.381452 300.000000 13.333333
150 0.001674 0.213773 400.000000 7.181329
150 0.001005 0.088006 500.000000 5.973716
160 0.005928 0.523452 100.000000 16.129032
160 0.002504 0.549955 200.000000 13.605442
160 0.001717 0.411133 300.000000 8.219178
160 0.001532 0.204852 400.000000 7.142857
160 0.001028 0.079346 500.000000 5.973716
170 0.000704 0.045907 100.000000 16.949152
170 0.000389 0.051612 200.000000 13.605442
170 0.000301 0.053213 300.000000 8.130081
170 0.000095 0.027497 400.000000 7.155635
170 0.000040 0.016661 500.000000 5.973716
180 0.000568 0.046059 100.000000 16.666666
180 0.000336 0.042233 200.000000 13.605442
180 0.000432 0.042593 300.000000 8.130081
180 0.000105 0.028368 400.000000 7.155635
180 0.000071 0.017668 500.000000 5.966587
190 0.000562 0.042960 100.000000 15.873015
190 0.000295 0.040601 200.000000 13.698630
190 0.000465 0.035578 300.000000 8.086253
190 0.000106 0.030700 400.000000 7.168459
200 0.000481 0.032567 100.000000 14.285714
200 0.000396 0.035128 200.000000 13.605442
200 0.000396 0.028645 300.000000 7.936508
200 0.000141 0.033894 400.000000 7.155635
210 0.000250 0.020894 100.000000 12.820513
210 0.000476 0.047210 200.000000 12.820513
210 0.000459 0.042191 300.000000 7.712082
210 0.000167 0.030002 400.000000 5.221932
220 0.000963 0.021189 100.000000 11.627907
220 0.000389 0.071281 200.000000 6.578948
220 0.000077 0.052808 300.000000 6.000000
220 0.000199 0.030148 400.000000 5.148005
230 0.001362 0.037294 100.000000 11.235955
230 0.000088 0.071676 200.000000 6.430868
230 0.000313 0.050909 300.000000 5.988024
230 0.000223 0.032634 400.000000 5.134788
240 0.001246 0.049379 100.000000 11.363636
240 0.000384 0.063592 200.000000 6.430868
240 0.000300 0.053690 300.000000 6.000000
240 0.000226 0.034166 400.000000 5.128205
250 0.001167 0.054383 100.000000 11.764706
250 0.000420 0.059295 200.000000 6.451613
250 0.000317 0.052437 300.000000 6.036217
260 0.001113 0.064308 100.000000 12.345679
260 0.000363 0.058979 200.000000 6.472492
260 0.000319 0.054088 300.000000 6.097561
270 0.001272 0.075936 100.000000 12.658228
270 0.000268 0.061396 200.000000 6.451613
270 0.000329 0.056465 300.000000 6.122449
280 0.001299 0.093252 100.000000 12.500000
280 0.000457 0.065711 200.000000 6.430868
280 0.000306 0.057637 300.000000 6.097561
290 0.001151 0.103769 100.000000 12.345679
290 0.000516 0.069323 200.000000 4.926108
290 0.000310 0.038228 300.000000 4.335260
300 0.001077 0.120045 100.000000 4.629630
300 0.000318 0.074124 200.000000 4.819277
300 0.000318 0.040238 300.000000 4.329004
310 0.000725 0.060346 100.000000 4.504505
310 0.000518 0.047162 200.000000 4.830918
310 0.000161 0.040630 300.000000 4.341534
320 0.001626 0.049476 100.000000 4.464286
320 0.000383 0.048364 200.000000 4.830918
320 0.000154 0.042670 300.000000 4.341534
330 0.002025 0.035957 100.000000 4.424779
330 0.000196 0.052954 200.000000 4.830918
340 0.001830 0.025653 100.000000 4.347826
340 0.000163 0.053613 200.000000 4.842615
350 0.001792 0.042834 100.000000 4.291845
350 0.000203 0.060003 200.000000 4.842615
360 0.002237 0.041189 100.000000 4.291845
360 0.000232 0.058836 200.000000 4.819277
370 0.001950 0.058541 100.000000 3.021148
370 0.000154 0.041679 200.000000 3.262643
380 0.001770 0.069514 100.000000 3.003003
380 0.000120 0.034416 200.000000 3.273322
390 0.001769 0.071620 100.000000 3.095975
390 0.000120 0.035919 200.000000 3.322259
400 0.001774 0.071560 100.000000 3.194888
400 0.000121 0.036039 200.000000 3.378378
410 0.001774 0.071500 100.000000 3.300330
410 0.000120 0.035937 200.000000 3.436426
420 0.001777 0.071567 100.000000 3.412969
420 0.000121 0.036095 200.000000 3.496504
430 0.001781 0.071636 100.000000 3.533569
430 0.000122 0.036267 200.000000 3.558719
440 0.001784 0.071689 100.000000 3.663004
440 0.000124 0.036425 200.000000 3.623188
450 0.001787 0.071639 100.000000 3.802281
450 0.000125 0.036506 200.000000 3.690037
460 0.001791 0.071697 100.000000 3.952569
460 0.000126 0.036685 200.000000 3.759398
470 0.001792 0.071702 100.000000 4.115226
470 0.000126 0.036722 200.000000 3.831418
480 0.001797 0.071561 100.000000 4.291845
480 0.000127 0.036752 200.000000 3.906250
490 0.001799 0.071397 100.000000 4.484305
490 0.000127 0.036671 200.000000 3.984064
500 0.001801 0.071358 100.000000 4.694836
500 0.000127 0.036667 200.000000 4.065041
510 0.001802 0.072329 100.000000 4.926108
510 0.000126 0.037291 200.000000 4.149378
520 0.001147 0.107825 100.000000 5.050505
520 0.000106 0.053050 200.000000 4.210526
530 0.000438 0.107364 100.000000 5.154639
530 0.000156 0.042840 200.000000 4.246284
540 0.000972 0.056150 100.000000 5.208333
540 0.000415 0.027519 200.000000 4.264392
550 0.001646 0.020324 100.000000 5.235602
560 0.001776 0.042157 100.000000 5.319149
570 0.001679 0.052918 100.000000 5.434783
580 0.001368 0.057686 100.000000 5.524862
590 0.001810 0.111438 100.000000 5.464481
600 0.001958 0.151779 100.000000 2.638522
610 0.001987 0.150951 100.000000 2.695418
620 0.001986 0.150784 100.000000 2.770083
630 0.001988 0.150912 100.000000 2.849003
640 0.001999 0.150748 100.000000 2.932551
650 0.002002 0.150911 100.000000 3.021148
660 0.002007 0.151130 100.000000 3.115265
670 0.002008 0.151197 100.000000 3.215434
680 0.002014 0.151579 100.000000 3.322259
690 0.002014 0.151582 100.000000 3.436426
700 0.001727 0.147119 100.000000 3.521127
710 0.001741 0.168435 100.000000 3.558719
720 0.000810 0.098832 100.000000 3.584229
730 0.000577 0.064300 100.000000 3.584229
