0 0.001054 0.135447 100.000000 2.785515
0 0.000394 0.262476 200.000000 2.051282
10 0.000979 0.127632 100.000000 2.857143
10 0.000359 0.269260 200.000000 2.059732
20 0.000941 0.124659 100.000000 2.906977
20 0.000420 0.278787 200.000000 2.061856
30 0.001112 0.148567 100.000000 1.773050
30 0.000793 0.286511 200.000000 2.063983
40 0.001038 0.158358 100.000000 1.757469
40 0.001020 0.291107 200.000000 2.066116
50 0.000819 0.149272 100.000000 1.757469
50 0.000979 0.291411 200.000000 2.070393
60 0.000791 0.149718 100.000000 1.776199
60 0.000981 0.292454 200.000000 2.087683
70 0.000785 0.144560 100.000000 1.808318
70 0.000992 0.291819 200.000000 2.109705
80 0.000785 0.144517 100.000000 1.841621
80 0.000993 0.291858 200.000000 2.132196
90 0.000788 0.144536 100.000000 1.876173
90 0.000994 0.291914 200.000000 2.155172
100 0.000791 0.144524 100.000000 1.912046
100 0.000995 0.291948 200.000000 2.178649
110 0.000793 0.144468 100.000000 1.949318
110 0.000996 0.291971 200.000000 2.202643
120 0.000797 0.144504 100.000000 1.988072
120 0.000997 0.292025 200.000000 2.227171
130 0.000799 0.144537 100.000000 2.028398
130 0.000998 0.292067 200.000000 2.252252
140 0.000801 0.144536 100.000000 2.070393
140 0.000999 0.292094 200.000000 2.277904
150 0.000805 0.144407 100.000000 2.114165
150 0.001001 0.292134 200.000000 2.304147
160 0.000811 0.144127 100.000000 2.159827
160 0.001003 0.292161 200.000000 2.331002
170 0.000814 0.144185 100.000000 2.207505
170 0.001004 0.292214 200.000000 2.358490
180 0.000816 0.144180 100.000000 2.257336
180 0.001005 0.292238 200.000000 2.386635
190 0.000818 0.144221 100.000000 2.309469
190 0.001006 0.292280 200.000000 2.415459
200 0.000823 0.144259 100.000000 2.364066
200 0.001008 0.292353 200.000000 2.444988
210 0.000830 0.143191 100.000000 2.421308
210 0.001012 0.292272 200.000000 2.475248
220 0.000832 0.143211 100.000000 2.481390
220 0.001013 0.292307 200.000000 2.506266
230 0.000835 0.143230 100.000000 2.544529
230 0.001013 0.292341 200.000000 2.538071
240 0.000838 0.143270 100.000000 2.610966
240 0.001014 0.292390 200.000000 2.570694
250 0.000841 0.143297 100.000000 2.680965
250 0.001015 0.292433 200.000000 2.604167
260 0.000844 0.143249 100.000000 2.754821
260 0.001017 0.292477 200.000000 2.638522
270 0.000846 0.143258 100.000000 2.832861
270 0.001018 0.292510 200.000000 2.673797
280 0.000845 0.137448 100.000000 2.915452
280 0.001018 0.292151 200.000000 2.706360
290 0.000646 0.125028 100.000000 2.985075
290 0.000954 0.287787 200.000000 2.735978
300 0.000149 0.099961 100.000000 3.030303
300 0.000674 0.279991 200.000000 2.758621
310 0.000392 0.100854 100.000000 3.067485
310 0.000497 0.278488 200.000000 2.773925
320 0.000297 0.103861 100.000000 3.086420
320 0.000576 0.283186 200.000000 2.777778
330 0.000288 0.110366 100.000000 3.067485
330 0.000589 0.289390 200.000000 2.762431
340 0.000138 0.109099 100.000000 3.076923
350 0.000095 0.128659 100.000000 3.048780
360 0.000472 0.520440 100.000000 1.600000
370 0.000389 0.557849 100.000000 1.597444
380 0.000424 0.541222 100.000000 1.623377
390 0.000411 0.533926 100.000000 1.650165
400 0.000406 0.531058 100.000000 1.677852
410 0.000402 0.527983 100.000000 1.706485
420 0.000402 0.527148 100.000000 1.736111
430 0.000395 0.519539 100.000000 1.766784
440 0.000394 0.518417 100.000000 1.798561
450 0.000392 0.517442 100.000000 1.831502
460 0.000385 0.510433 100.000000 1.865672
470 0.000382 0.507963 100.000000 1.901141
480 0.000381 0.506111 100.000000 1.937984
490 0.000381 0.504973 100.000000 1.976285
500 0.000378 0.502289 100.000000 2.016129
510 0.000376 0.498842 100.000000 2.057613
520 0.000373 0.494496 100.000000 2.100840
530 0.000372 0.494030 100.000000 2.145923
540 0.000368 0.488683 100.000000 2.192982
550 0.000368 0.487638 100.000000 2.242152
560 0.000366 0.483711 100.000000 2.293578
570 0.000364 0.480670 100.000000 2.347418
580 0.000344 0.477515 100.000000 2.403846
590 0.000439 0.463210 100.000000 2.450980
600 0.000882 0.447579 100.000000 2.475248
610 0.001133 0.446671 100.000000 2.500000
620 0.001274 0.451860 100.000000 2.512563
630 0.001205 0.464312 100.000000 2.518892
640 0.001382 0.471237 100.000000 2.525253
650 0.001463 0.483055 100.000000 2.506266
