0 0.001695 0.060160 100.000000 3.846154
0 0.000697 0.109806 200.000000 5.882353
0 0.000933 0.124691 300.000000 7.125891
0 0.000678 0.130548 400.000000 7.604563
0 0.000580 0.114113 500.000000 8.305648
0 0.000831 0.085182 600.000000 7.623888
10 0.002015 0.066570 100.000000 3.861004
10 0.000700 0.112835 200.000000 5.899705
10 0.000946 0.117124 300.000000 6.787330
10 0.000700 0.135065 400.000000 7.633588
10 0.000531 0.113311 500.000000 8.333333
10 0.000863 0.077701 600.000000 7.594937
20 0.002013 0.093055 100.000000 3.861004
20 0.000682 0.121342 200.000000 5.917160
20 0.000937 0.122949 300.000000 6.741573
20 0.000682 0.140325 400.000000 7.648183
20 0.000477 0.111684 500.000000 8.347245
20 0.000870 0.066597 600.000000 7.556675
30 0.001814 0.106818 100.000000 3.861004
30 0.000747 0.115615 200.000000 5.917160
30 0.000857 0.118596 300.000000 6.756757
30 0.000617 0.134276 400.000000 7.662835
30 0.000417 0.106280 500.000000 8.375210
40 0.000790 0.070045 100.000000 3.875969
40 0.000687 0.050183 200.000000 5.934718
40 0.000506 0.071782 300.000000 6.772009
40 0.000392 0.088166 400.000000 7.677543
40 0.000233 0.078353 500.000000 8.375210
50 0.000309 0.068232 100.000000 3.891051
50 0.000492 0.039137 200.000000 5.970149
50 0.000407 0.063435 300.000000 6.802721
50 0.000360 0.075679 400.000000 7.692307
50 0.000173 0.070799 500.000000 8.361204
60 0.000788 0.101541 100.000000 3.906250
60 0.000756 0.088716 200.000000 5.988024
60 0.000597 0.099166 300.000000 6.802721
60 0.000531 0.104374 400.000000 7.722008
60 0.000568 0.089851 500.000000 7.886436
70 0.000693 0.110878 100.000000 3.937008
70 0.000864 0.101566 200.000000 6.042296
70 0.000639 0.110341 300.000000 6.849315
70 0.000564 0.109931 400.000000 7.736944
70 0.000704 0.093087 500.000000 7.874016
80 0.000478 0.095008 100.000000 3.984064
80 0.000871 0.087708 200.000000 6.097561
80 0.000576 0.099805 300.000000 6.896552
80 0.000514 0.097283 400.000000 7.797271
80 0.000633 0.081484 500.000000 7.874016
90 0.000443 0.057214 100.000000 4.098361
90 0.000490 0.041653 200.000000 6.191950
90 0.000299 0.058226 300.000000 6.993007
90 0.000307 0.062887 400.000000 7.905138
90 0.000541 0.057363 500.000000 7.949126
100 0.000384 0.049669 100.000000 4.255319
100 0.000560 0.043838 200.000000 6.389776
100 0.000350 0.061822 300.000000 7.142857
100 0.000333 0.065213 400.000000 8.064516
100 0.000561 0.058159 500.000000 8.064516
110 0.000253 0.036761 100.000000 4.444445
110 0.000626 0.041423 200.000000 6.600660
110 0.000393 0.062366 300.000000 7.317073
110 0.000367 0.066503 400.000000 8.230453
110 0.000589 0.058821 500.000000 8.196721
120 0.000188 0.031759 100.000000 4.651163
120 0.000664 0.040002 200.000000 6.825939
120 0.000417 0.061315 300.000000 7.500000
120 0.000386 0.065980 400.000000 8.403361
120 0.000604 0.058303 500.000000 8.333333
130 0.000141 0.034258 100.000000 4.878049
130 0.000693 0.039234 200.000000 7.067138
130 0.000436 0.059614 300.000000 7.692307
130 0.000401 0.064797 400.000000 8.583691
130 0.000617 0.057381 500.000000 8.474576
140 0.000126 0.051774 100.000000 5.128205
140 0.000756 0.045298 200.000000 7.326007
140 0.000477 0.060916 300.000000 7.894737
140 0.000433 0.065561 400.000000 8.771930
140 0.000642 0.057419 500.000000 8.620689
150 0.000144 0.056590 100.000000 5.405406
150 0.000775 0.048169 200.000000 7.604563
150 0.000489 0.062452 300.000000 8.108109
150 0.000442 0.066621 400.000000 8.968610
150 0.000650 0.057930 500.000000 8.771930
160 0.000233 0.070312 100.000000 5.714286
160 0.000831 0.056972 200.000000 7.905138
160 0.000526 0.067406 300.000000 8.333333
160 0.000470 0.069994 400.000000 9.174312
160 0.000673 0.059597 500.000000 8.928572
170 0.000244 0.071773 100.000000 6.060606
170 0.000837 0.057979 200.000000 8.230453
170 0.000530 0.067996 300.000000 8.571428
170 0.000473 0.070378 400.000000 9.389671
170 0.000676 0.059779 500.000000 9.090909
180 0.000248 0.073376 100.000000 6.451613
180 0.000842 0.058376 200.000000 8.583691
180 0.000532 0.068166 300.000000 8.823529
180 0.000477 0.070706 400.000000 9.615385
180 0.000680 0.060018 500.000000 9.259259
190 0.000265 0.075548 100.000000 6.896552
190 0.000851 0.059788 200.000000 8.968610
190 0.000537 0.068946 300.000000 9.090909
190 0.000482 0.071209 400.000000 9.852217
190 0.000684 0.060250 500.000000 9.433962
200 0.000303 0.079933 100.000000 7.407407
200 0.000869 0.063009 200.000000 9.389671
200 0.000550 0.070954 300.000000 9.375000
200 0.000491 0.072564 400.000000 10.101010
200 0.000691 0.060935 500.000000 9.615385
210 0.000308 0.080623 100.000000 8.000000
210 0.000872 0.063509 200.000000 9.852217
210 0.000551 0.071264 300.000000 9.677420
210 0.000493 0.072765 400.000000 10.362695
210 0.000693 0.061029 500.000000 9.803922
220 0.000315 0.081464 100.000000 8.695652
220 0.000876 0.064087 200.000000 10.362695
220 0.000554 0.071608 300.000000 10.000000
220 0.000494 0.072988 400.000000 10.638298
220 0.000694 0.061132 500.000000 10.000000
230 0.000324 0.082618 100.000000 9.523809
230 0.000880 0.064862 200.000000 10.928962
230 0.000557 0.072058 300.000000 10.344828
230 0.000497 0.073278 400.000000 10.928962
230 0.000696 0.061265 500.000000 10.204082
240 0.000334 0.083832 100.000000 10.526316
240 0.000885 0.065657 200.000000 11.560694
240 0.000560 0.072513 300.000000 10.714286
240 0.000499 0.073569 400.000000 11.235955
240 0.000698 0.061396 500.000000 10.416667
250 0.000224 0.073922 100.000000 11.627907
250 0.000830 0.055287 200.000000 12.121212
250 0.000520 0.064770 300.000000 11.070110
250 0.000464 0.068246 400.000000 11.494253
250 0.000688 0.057936 500.000000 10.593221
260 0.000361 0.027187 100.000000 12.345679
260 0.000567 0.013595 200.000000 12.269938
260 0.000338 0.039896 300.000000 11.235955
260 0.000305 0.049038 400.000000 11.661808
260 0.000670 0.054726 500.000000 9.469697
270 0.000669 0.045601 100.000000 12.345679
270 0.000413 0.037038 200.000000 10.752688
270 0.000245 0.032900 300.000000 11.278195
270 0.000162 0.043237 400.000000 11.695907
270 0.000635 0.048418 500.000000 9.380863
280 0.000661 0.051164 100.000000 12.500000
280 0.000408 0.042211 200.000000 10.695188
280 0.000260 0.040603 300.000000 11.320755
280 0.000135 0.046863 400.000000 11.730206
280 0.000672 0.046907 500.000000 9.328359
290 0.000142 0.043918 100.000000 12.500000
290 0.000402 0.038393 200.000000 10.752688
290 0.000248 0.046377 300.000000 11.320755
290 0.000120 0.051350 400.000000 11.764706
300 0.000714 0.018462 100.000000 12.500000
300 0.000448 0.046172 200.000000 10.752688
300 0.000339 0.060531 300.000000 11.320755
300 0.000155 0.062453 400.000000 11.730206
310 0.000858 0.005143 100.000000 12.500000
310 0.000504 0.055992 200.000000 10.752688
310 0.000476 0.070598 300.000000 11.363636
310 0.000494 0.070330 400.000000 10.610080
320 0.000962 0.026945 100.000000 12.658228
320 0.000603 0.070770 200.000000 10.752688
320 0.000502 0.080504 300.000000 11.363636
320 0.000650 0.078089 400.000000 10.471204
330 0.001255 0.045770 100.000000 12.658228
330 0.000645 0.082947 200.000000 10.752688
330 0.000550 0.087496 300.000000 11.406844
330 0.000717 0.079797 400.000000 10.362695
340 0.001484 0.075390 100.000000 12.048193
340 0.000686 0.099889 200.000000 10.695188
340 0.000522 0.095657 300.000000 11.406844
340 0.000924 0.087983 400.000000 8.928572
350 0.001500 0.082439 100.000000 9.345795
350 0.000689 0.107414 200.000000 10.695188
350 0.000425 0.098870 300.000000 11.406844
350 0.000957 0.079953 400.000000 8.791209
360 0.001444 0.099030 100.000000 9.259259
360 0.000699 0.112547 200.000000 10.752688
360 0.000337 0.098161 300.000000 11.450381
360 0.000993 0.071426 400.000000 8.752735
370 0.000677 0.063708 100.000000 9.345795
370 0.000320 0.063500 200.000000 10.752688
370 0.000103 0.058291 300.000000 11.494253
380 0.000190 0.032000 100.000000 9.345795
380 0.000141 0.025643 200.000000 10.752688
380 0.000084 0.029996 300.000000 11.450381
390 0.000276 0.035135 100.000000 9.259259
390 0.000333 0.030067 200.000000 10.752688
390 0.000384 0.033772 300.000000 9.966778
400 0.000274 0.032401 100.000000 9.174312
400 0.000295 0.027529 200.000000 10.695188
400 0.000592 0.031764 300.000000 9.803922
410 0.000268 0.023378 100.000000 9.174312
410 0.000241 0.017116 200.000000 10.810811
410 0.000564 0.015577 300.000000 9.740260
420 0.000163 0.026940 100.000000 9.433962
420 0.000098 0.013402 200.000000 10.989011
420 0.000746 0.027209 300.000000 8.174387
430 0.000190 0.023751 100.000000 10.101010
430 0.000041 0.010707 200.000000 11.428572
430 0.000744 0.026416 300.000000 8.310249
440 0.000297 0.024413 100.000000 11.111111
440 0.000025 0.013701 200.000000 12.048193
440 0.000747 0.022777 300.000000 8.522727
450 0.000143 0.016447 100.000000 11.904762
450 0.000158 0.006838 200.000000 12.500000
450 0.000805 0.020069 300.000000 8.595988
460 0.000216 0.026835 100.000000 12.500000
460 0.000196 0.011696 200.000000 12.820513
460 0.000797 0.021256 300.000000 8.571428
470 0.000152 0.013179 100.000000 12.500000
470 0.000269 0.010663 200.000000 12.903226
480 0.000064 0.007802 100.000000 12.500000
480 0.000198 0.016018 200.000000 12.820513
490 0.000337 0.012773 100.000000 12.500000
490 0.000255 0.018887 200.000000 12.658228
500 0.000451 0.016549 100.000000 12.500000
500 0.000597 0.024759 200.000000 10.204082
510 0.000424 0.014476 100.000000 12.658228
510 0.000809 0.018862 200.000000 10.000000
520 0.000399 0.019701 100.000000 12.820513
520 0.001010 0.019271 200.000000 9.756098
530 0.000288 0.012304 100.000000 12.820513
530 0.001183 0.028851 200.000000 7.547170
540 0.000384 0.019520 100.000000 12.987013
540 0.001282 0.040710 200.000000 7.380074
550 0.000475 0.021730 100.000000 12.987013
560 0.000437 0.025703 100.000000 12.987013
570 0.000403 0.040504 100.000000 9.009009
580 0.000890 0.041311 100.000000 8.474576
590 0.001162 0.023630 100.000000 8.064516
600 0.002029 0.036200 100.000000 5.376344
610 0.002610 0.080320 100.000000 5.181347
620 0.003050 0.122922 100.000000 5.076142
